0 506 507
506 0 508
507 506 253
508 314 647
314 1642 647
647 1642 648
508 647 506
506 647 30
253 646 1492
253 506 646
1492 646 645
30 648 644
30 646 506
644 649 30
30 649 645
648 924 644
30 645 646
648 30 647
1492 645 232
314 1641 1642
1648 1642 318
318 1642 1641
1647 1648 318
320 1415 1171
1172 1171 136
198 1171 1415
1647 320 1650
1171 1650 320
924 648 343
343 1648 1650
910 84 924
644 924 84
924 343 913
1642 1648 343
1172 913 343
1172 1650 1171
926 910 915
910 924 913
913 1172 911
343 1650 1172
1648 1647 1650
84 910 926
81 910 913
648 1642 343
925 644 84
1493 232 1494
330 1493 1669
1128 330 1669
1669 1130 1128
1517 1128 1127
1517 330 1128
1128 1130 127
1669 1493 1494
645 1494 232
1518 249 1129
1445 332 1161
1518 1129 332
1127 127 1129
1127 249 1517
332 1670 1161
1129 1670 332
1670 1129 127
1127 1129 249
1128 127 1127
1445 1161 209
1669 1494 397
1669 397 1130
397 1494 649
397 649 925
1774 1130 397
925 926 1773
925 649 644
1773 1774 397
433 1845 1773
1779 1845 1777
1773 397 925
84 926 925
1845 1774 1773
464 1670 1131
1774 1131 1130
1670 1163 1161
464 1163 1670
1131 1774 464
1670 127 1131
464 1779 1880
464 1774 1845
1163 1880 1162
1778 1880 1779
1778 1779 399
464 1880 1163
1845 1779 464
1163 134 1161
926 433 1773
1131 127 1130
645 649 1494
1778 463 1880
198 1168 1171
1168 1414 1170
1414 1168 198
1170 1414 251
1168 1170 136
1170 251 1169
1169 1488 230
1169 251 1488
553 551 230
911 912 81
912 911 136
81 913 911
911 1172 136
1169 912 136
1169 230 912
914 551 555
914 81 551
230 551 912
551 81 912
136 1170 1169
915 81 914
230 1464 553
81 915 910
553 216 552
216 553 1464
552 216 1465
553 552 14
1465 239 554
1502 14 554
14 552 554
554 239 1502
554 552 1465
14 555 551
1748 555 382
555 14 556
381 1748 799
1748 381 555
555 556 382
381 914 555
800 1748 382
800 382 1589
797 1586 799
799 1748 800
1402 382 1502
382 556 1502
14 1502 556
381 799 1586
1502 239 1400
551 553 14
1749 914 381
1847 433 1749
433 926 915
1749 433 915
1846 433 1847
1749 1750 499
1749 915 914
1631 1881 499
1881 1847 499
465 1881 1630
499 1847 1749
1750 1749 381
1846 1847 1881
1777 1846 1780
1846 1777 433
399 1780 1690
1780 399 1777
1846 465 1780
1777 399 1779
465 1691 1690
1629 1691 465
1690 1671 1673
1673 399 1690
1690 1691 344
1690 1780 465
1846 1881 465
399 1673 1778
1587 499 1750
433 1777 1845
499 1587 1631
1587 1750 1586
1587 1586 286
1631 1587 1585
1079 1585 1077
286 1585 1587
306 1079 1274
1079 306 1585
1274 1079 1076
1585 306 1631
286 1586 797
1631 306 1630
1629 344 1691
1630 306 1629
1671 1690 344
1275 1547 344
344 1629 1275
1629 465 1630
1272 1275 160
1274 1275 1629
623 271 1546
1272 271 1275
160 1275 1274
1275 271 1547
306 1274 1629
1167 344 1547
286 1077 1585
1631 1630 1881
381 1586 1750
1675 1778 1673
58 799 800
136 1171 1168
271 1165 1547
1443 209 1444
248 1443 1515
948 248 1515
948 1515 950
349 1529 1516
1516 248 948
349 1516 948
1515 1443 1444
209 1159 1444
248 1516 1514
261 1514 1529
1528 261 535
1529 537 535
349 537 1529
1528 535 264
537 11 535
1698 537 349
1529 535 261
1514 1516 1529
1698 11 537
322 1515 1444
322 950 1515
322 1159 1160
950 322 1306
950 89 948
1160 134 1158
134 1160 1159
1306 1158 168
1306 322 1158
1158 1308 168
1158 322 1160
1159 1161 134
950 1306 947
1651 349 951
349 948 951
349 1652 1698
1651 1652 349
951 89 949
948 89 951
949 947 1305
947 89 950
1364 1652 1363
1651 951 949
1651 949 321
949 89 947
1306 168 947
1651 321 1652
1158 134 1162
1444 1159 322
209 1161 1159
1698 1652 358
1484 264 536
227 1484 534
536 11 534
11 536 535
534 1485 227
538 1485 534
534 11 538
536 534 1484
264 535 536
227 1485 1483
256 1483 1525
242 1506 1154
256 1155 1506
133 1155 1524
256 1524 1155
1157 1154 133
133 1154 1155
1525 1524 256
1155 1154 1506
1483 1485 1525
1157 242 1154
1525 1485 358
358 1599 1525
358 1485 538
538 1698 358
1525 1599 1524
1713 1364 1365
1113 358 1713
1524 1599 293
1599 358 1113
1713 123 1113
1713 358 1364
11 1698 538
293 1599 1113
1156 293 628
293 1156 1524
628 629 27
629 628 293
293 1111 629
1156 628 133
1111 123 627
123 1111 1113
27 627 630
27 629 627
123 1112 627
627 629 1111
293 1113 1111
628 631 133
1713 1114 123
1524 1156 133
1364 358 1652
27 631 628
1305 947 168
1162 463 1308
1162 1880 463
1308 463 1776
1307 168 1308
1675 333 1672
333 1675 1673
1308 1776 1307
1672 1776 1675
333 1674 1672
1675 1776 463
463 1778 1675
398 1776 1672
1305 1307 1653
1305 168 1307
1363 321 1653
1653 321 1305
1307 398 1653
1652 321 1363
398 1674 1775
1674 398 1672
1367 1366 1775
1775 1366 398
1775 1674 432
398 1366 1653
1307 1776 398
1363 1653 1366
333 1378 1674
1308 1158 1162
1166 1671 1167
1671 333 1673
135 1167 1165
135 1166 1167
1165 623 621
623 1165 271
1164 135 621
26 621 623
623 624 26
1165 621 135
1167 1547 1165
622 621 26
1377 1544 270
1378 333 1544
186 1378 1377
1377 1378 1544
1544 1166 1164
333 1166 1544
1164 622 270
1164 1166 135
270 1234 1377
1545 1234 270
1545 270 622
1164 270 1544
621 622 1164
1674 1378 1380
1234 1236 150
333 1671 1166
134 1163 1162
1234 186 1377
1365 383 1713
1364 183 1365
383 1365 1751
1713 383 1114
183 1367 1751
183 1363 1366
383 1751 1312
432 1313 1751
1751 1367 432
183 1751 1365
1367 183 1366
1312 1751 1313
296 1112 1607
1112 630 627
626 27 630
296 630 1112
1112 1114 1607
1114 1112 123
1312 169 1310
169 1312 1313
1607 1310 296
1310 1607 1312
1310 169 766
1607 1114 383
383 1312 1607
767 296 1310
1313 1309 169
183 1364 1363
1313 1380 1309
1367 1775 432
432 1674 1380
1309 1380 186
1233 150 1379
150 1233 1234
1379 1237 373
1237 1379 150
373 1237 989
1233 1379 186
186 1234 1233
1379 1309 186
1311 729 169
45 1311 733
728 729 45
45 729 1311
1309 1379 1311
169 1309 1311
733 373 732
373 733 1311
730 732 1362
730 45 732
732 373 1646
732 45 733
1379 373 1311
766 169 729
985 1237 150
1313 432 1380
1378 186 1380
731 45 730
625 622 26
321 949 1305
344 1167 1671
816 630 296
271 1272 720
1402 1401 1589
193 1402 1400
800 1589 798
382 1402 1589
1589 287 798
1401 193 1403
798 1253 796
1253 798 287
1253 1565 1251
1401 1402 193
798 58 800
1252 797 796
797 799 58
796 797 58
945 286 1252
154 942 1252
796 1253 154
1251 942 154
278 942 1251
58 798 796
154 1252 796
1251 154 1253
1252 942 945
1401 287 1589
1252 286 797
1588 287 899
1590 1401 1403
287 1401 1590
287 1588 1565
1591 1590 1875
457 1590 1403
901 899 79
899 287 1591
899 1591 79
1591 287 1590
1588 899 365
1565 1566 278
1565 1588 1566
942 278 944
1566 1035 278
1566 365 1037
278 1251 1565
365 901 900
1566 1588 365
1711 900 357
900 1711 365
900 901 79
365 1711 1037
899 901 365
1037 1035 1566
457 1875 1590
1565 1253 287
1036 1037 1711
1077 945 941
1077 286 945
941 945 88
115 1077 941
88 944 940
1035 944 278
943 946 88
946 941 88
946 1562 304
945 942 88
942 944 88
1078 941 946
1273 160 1076
1076 1079 115
43 1272 719
1273 719 160
1076 115 1078
160 1274 1076
1078 304 1273
304 1078 946
1273 721 719
721 1273 304
304 1624 721
1078 1273 1076
115 941 1078
43 719 721
1035 940 944
1272 160 719
943 940 1034
106 940 1035
1034 940 106
277 946 943
1036 357 1563
106 1035 1037
943 1034 277
1563 1034 1036
357 1712 1563
1036 1034 106
1036 106 1037
277 1034 1563
1624 1562 1564
1562 946 277
723 1624 387
723 721 1624
1562 277 1564
1624 304 1562
1712 857 387
856 857 1712
1564 387 1624
387 1564 1712
857 1699 387
1564 277 1563
1563 1712 1564
1148 723 387
856 1712 357
943 88 940
1711 357 1036
43 721 723
357 900 854
1079 1077 115
485 1875 1451
1449 1875 457
1451 1875 1449
485 904 1591
1451 211 1450
211 1451 1449
1889 1450 469
1450 1889 1451
1450 1496 469
1451 1889 485
485 1889 903
869 79 902
79 1591 904
853 854 869
869 854 79
79 904 903
854 856 357
902 903 1802
903 904 485
902 871 869
408 871 902
1802 903 469
903 902 79
1889 469 903
73 869 871
1450 211 1448
854 900 79
1448 234 1496
1496 234 999
1002 469 1496
999 1388 998
1388 999 234
1001 99 547
998 99 999
1388 188 998
1496 999 1002
1002 999 99
1002 1000 1802
1002 99 1000
1802 408 902
408 1802 1000
1000 1801 408
1802 469 1002
1001 438 1801
549 438 1001
408 1801 1800
1835 1801 438
423 1835 752
1001 1801 1000
99 1001 1000
871 408 1183
754 1835 438
1496 1450 1448
1835 1800 1801
70 855 857
856 854 70
855 70 639
350 857 855
853 73 640
70 854 853
639 640 29
640 639 853
29 640 642
853 639 70
73 853 869
855 639 350
350 643 996
350 639 643
996 1145 350
350 1145 1699
643 641 996
1699 857 350
604 98 641
29 641 643
98 995 996
604 606 98
604 641 29
641 98 996
639 29 643
1699 1148 387
640 73 870
856 70 857
870 1183 139
870 73 871
139 1183 1184
870 139 642
1800 423 1184
1800 1835 423
139 1184 1182
423 1730 1184
423 752 1834
1800 1184 1183
871 1183 870
1834 1730 423
642 607 604
609 607 1182
604 23 606
607 23 604
642 139 607
604 29 642
1182 1730 367
607 139 1182
367 1731 879
1731 367 1730
1730 1834 1731
1182 367 609
1184 1730 1182
609 367 907
1731 881 879
642 640 870
1800 1183 408
23 607 609
1731 1834 424
485 1591 1875
997 98 606
1546 624 623
1546 720 722
624 1546 334
26 624 625
334 1546 722
334 722 1144
1692 345 1676
1676 624 334
722 43 718
722 720 43
1272 43 720
624 1676 625
1236 1545 345
1545 622 625
345 1545 625
1235 150 1236
1235 1236 1604
1692 1604 345
985 1235 987
150 1235 985
1604 295 1235
1604 1236 345
625 1676 345
1237 985 989
1676 334 1677
720 1546 271
388 1692 1677
1677 1692 1676
1144 722 718
1677 334 1144
1144 1149 388
131 1149 1144
1692 388 1606
1734 388 1149
1605 1734 371
1144 388 1677
1144 718 131
1606 388 1734
987 295 1266
987 1235 295
1266 966 963
966 1266 295
295 1344 966
985 987 96
1603 295 1605
1605 1606 1734
1344 1603 178
1344 295 1603
1345 178 1603
1605 295 1606
1606 295 1604
966 1344 964
1636 1603 1605
1606 1604 1692
723 718 43
986 987 1266
1646 989 988
1646 373 989
988 989 96
317 1646 988
986 1267 988
96 987 986
1267 158 1265
158 1267 986
1266 158 986
986 988 96
989 985 96
317 988 1267
1359 1362 1600
1362 732 317
1362 1359 182
307 1361 1359
1362 317 1602
730 1362 182
1602 1265 294
1602 317 1267
1600 1362 294
1600 294 1632
294 1265 965
294 1362 1602
1267 1265 1602
307 1359 1600
1265 158 963
317 732 1646
965 963 92
963 966 92
967 92 964
965 92 967
964 178 1346
158 1266 963
1346 681 683
681 1346 178
681 178 1345
964 1346 967
966 964 92
967 1346 310
1601 1632 294
965 967 1601
307 1632 1633
307 1600 1632
1601 310 1632
965 1601 294
310 683 1637
1601 967 310
1633 1637 363
1633 1632 1637
1637 683 684
1637 1632 310
1346 683 310
1361 307 955
683 681 36
965 1265 963
1344 178 964
1633 1634 307
1734 1149 1147
1234 1545 1236
1148 1145 131
718 723 1148
131 1145 995
131 1147 1149
1146 995 997
995 1145 996
997 608 366
906 608 605
606 608 997
131 995 1146
997 995 98
608 906 366
1147 1146 1727
1146 1147 131
371 1727 1735
1727 371 1147
1146 366 1727
371 1734 1147
1728 1735 1727
1728 366 906
371 1735 1123
402 1124 1735
402 1735 1728
1728 1727 366
1146 997 366
1123 1735 1124
1728 906 909
1636 1605 371
605 80 906
23 609 605
80 605 907
906 80 909
367 1729 907
605 609 907
1276 908 372
1729 908 907
372 908 1729
907 908 80
23 608 606
80 908 905
402 909 1277
402 1728 909
1279 1784 1277
1277 1784 402
909 905 1277
402 1784 1124
905 1276 161
1276 905 908
1279 1277 161
1009 161 1276
1009 1276 372
905 161 1277
909 80 905
1278 161 1009
1729 879 880
608 23 605
1729 367 879
1124 1784 1126
1603 309 1345
1603 1636 309
309 1636 1122
682 1345 309
1123 126 1122
1125 126 1126
680 1122 126
680 309 1122
126 685 680
1122 1636 1123
1636 371 1123
682 309 680
684 36 685
36 681 682
363 1637 684
1724 363 684
36 682 680
684 683 36
1724 685 444
36 680 685
363 1724 735
444 740 1724
444 685 1125
685 1724 684
126 1125 685
740 735 1724
1123 1124 126
681 1345 682
1784 445 1126
126 1124 1126
445 1279 1857
1860 1126 445
1857 1278 442
1278 1857 1279
1335 1857 442
1857 1335 1338
442 1278 1012
1857 1338 445
1279 445 1784
1860 445 1338
1860 1337 444
1860 1338 1337
444 1859 740
1859 444 1337
1337 1336 1859
444 1125 1860
1334 176 1210
176 1337 1338
1859 1336 443
1334 1336 176
1210 176 1335
176 1336 1337
1335 176 1338
740 1859 739
1788 1334 404
1860 1125 1126
161 1278 1279
1633 363 1723
1212 1335 442
131 718 1148
1699 1145 1148
1359 1361 182
998 724 99
1402 1502 1400
1788 1336 1334
331 1507 1157
1394 331 817
631 817 331
1157 133 631
815 1394 817
819 1396 815
815 817 62
331 1157 631
1507 242 1157
1394 815 191
1395 191 1396
458 1395 1876
1396 501 1876
1396 191 815
458 1876 1832
1833 1876 501
501 1703 1833
1396 1876 1395
1396 819 501
1832 1876 1833
817 631 626
626 816 62
296 767 1608
62 816 1608
62 819 815
1608 767 771
1608 816 296
493 1608 771
1608 493 818
767 52 771
1608 818 62
816 626 630
62 818 819
1906 1703 501
819 818 1906
1703 351 1833
1702 351 1703
1703 1906 1702
1906 501 819
1700 1702 1799
493 1702 1906
1314 1700 170
1314 351 1700
1799 1702 493
1700 351 1702
818 493 1906
1833 351 1701
1700 1315 170
62 817 626
631 27 626
1174 351 1314
214 1462 1461
1460 214 1500
1500 214 1461
422 1500 1461
237 1500 975
237 1460 1500
975 1500 977
1461 1462 1832
1462 458 1832
677 368 976
1411 677 196
677 1411 368
368 1499 976
975 94 976
977 94 975
976 674 677
674 976 94
94 978 674
975 976 1499
1499 237 975
35 677 674
1461 1832 422
422 1701 1175
422 1832 1833
1175 1701 1174
974 422 1175
1314 1173 1174
1173 1314 170
1176 137 573
1173 137 1174
137 1173 573
1174 137 1175
1833 1701 422
974 1175 137
974 979 94
974 977 422
978 979 1872
978 94 979
974 1176 979
94 977 974
455 1872 979
1874 455 1755
454 978 1872
1874 1872 455
578 455 1176
455 979 1176
974 137 1176
679 674 978
573 1173 170
422 977 1500
351 1174 1701
1874 1873 1872
1799 493 771
770 52 769
770 771 52
728 52 766
770 1799 771
768 769 52
768 728 731
769 394 770
394 769 768
768 1609 394
768 52 728
729 728 766
770 394 1770
574 170 1315
1700 407 1315
573 574 18
573 170 574
1315 577 574
1700 1799 407
577 407 1680
407 1799 770
1770 1685 407
18 574 577
18 577 575
577 1315 407
770 1770 407
573 18 578
1684 1770 394
52 767 766
768 297 1609
394 1609 1342
297 731 1360
1609 297 1339
297 952 1339
954 1360 953
1609 1339 1342
952 177 1339
952 297 954
954 297 1360
730 1360 731
1342 1339 177
1695 407 1561
1559 1561 1685
335 1680 1695
1680 407 1695
1695 1560 347
1685 1561 407
1561 1560 1695
1342 177 1684
1549 1679 1551
1679 1695 347
338 1685 1684
1685 1770 1684
1684 394 1342
575 577 1680
347 1551 1679
768 731 297
45 731 728
1679 335 1695
18 576 578
576 18 575
576 575 1678
1694 578 576
1205 346 1678
1678 346 576
1694 576 346
1205 1552 346
1678 335 1204
1678 575 335
575 1680 335
1693 346 1552
1755 1694 386
1755 455 1694
968 1756 386
386 1756 1755
1694 1693 386
1755 1756 1874
1554 1754 386
1554 1693 1552
1757 386 1754
390 1757 1754
390 1754 1554
386 1693 1554
1694 346 1693
1874 1756 456
1554 1552 273
1694 455 578
143 1205 1204
1204 1205 1678
1549 1204 335
1202 1204 1549
1202 1206 1201
272 1202 1549
1205 143 1203
1201 143 1202
1206 144 1201
1202 143 1204
1202 272 1206
1203 143 1201
1555 273 1553
273 1552 1203
1696 390 1555
390 1554 1555
1207 273 1203
1555 1554 273
1553 1207 1209
1207 1203 1201
390 1696 1759
1696 1555 1553
1209 1207 144
1553 273 1207
1201 144 1207
1757 390 1760
348 1696 1553
1205 1203 1552
335 1679 1549
1759 1760 390
1340 1684 177
573 578 1176
1310 766 767
1757 968 386
1410 196 675
241 1410 676
675 35 676
35 675 677
241 676 1505
678 676 35
35 679 678
675 676 1410
196 677 675
1505 676 678
219 1470 1471
1426 219 1429
1429 219 1471
420 1471 1505
1428 201 1429
201 1426 1429
1429 1471 420
1471 1470 1505
1470 241 1505
420 1505 678
679 454 1829
674 679 35
1829 454 1869
678 1829 420
452 1869 1870
1869 1828 1829
1828 452 887
452 1828 1869
1869 1873 1870
1869 454 1873
1872 1873 454
420 1829 1828
420 884 1747
420 1828 884
1428 1429 1747
883 1747 884
884 76 883
1747 1429 420
887 886 76
1867 886 887
883 76 882
885 76 886
882 885 450
887 76 884
1828 887 884
380 1747 883
887 452 1867
678 679 1829
454 679 978
885 882 76
223 1427 1475
1437 223 803
1475 803 223
803 1475 804
1437 803 802
804 59 803
59 1121 801
1475 1427 1428
1427 201 1428
802 803 59
515 205 1119
802 205 1437
514 7 515
1119 205 802
514 1119 125
1119 802 59
514 516 7
1120 516 514
801 125 1119
1119 514 515
59 801 1119
1475 1428 380
804 380 1121
380 804 1475
1121 380 1139
1121 125 801
1139 882 129
1139 380 883
1136 129 1138
1140 129 882
1140 882 450
1121 1139 1118
1428 1747 380
1118 1139 129
125 1118 1120
1118 125 1121
1120 252 516
1137 252 1120
1120 1118 1137
125 1120 514
1137 1136 1490
1137 1118 129
231 1490 1136
231 1136 1491
1137 1490 252
129 1136 1137
1140 1138 129
1121 59 804
882 1139 883
1866 885 886
970 1870 972
456 1870 1873
972 1870 456
452 970 1867
972 968 93
972 456 1756
1868 969 971
969 970 93
969 93 971
93 970 972
968 972 1756
1867 970 969
451 1866 886
1867 969 451
1045 450 1866
450 885 1866
1866 451 1046
1867 451 886
108 1045 1046
1046 1045 1866
450 1045 1572
1045 108 1043
1047 1046 1868
1046 451 1868
969 1868 451
611 1043 108
973 93 968
1572 1140 450
453 971 1871
973 971 93
1871 971 973
453 1047 1868
494 1871 973
494 1760 1831
1871 701 453
702 701 1871
1871 494 702
973 1757 494
968 1757 973
453 701 1117
1047 1733 108
1047 453 1733
108 1044 611
1044 108 1733
1733 369 1044
108 1046 1047
1115 369 1733
1115 1117 124
369 1732 832
1732 369 1115
1115 1116 1732
1115 1733 1117
453 1117 1733
611 1044 614
701 698 1117
1868 971 453
1873 1874 456
614 1044 369
1138 1572 281
1138 1140 1572
281 1572 1043
1491 1138 281
1043 24 613
612 610 24
281 613 705
610 613 24
610 612 704
1043 613 281
1572 1045 1043
610 705 613
281 1520 1491
1520 281 705
1489 1520 250
1520 1489 1491
705 40 1520
1489 231 1491
703 40 1519
40 705 610
703 250 1520
1519 250 703
1519 40 704
40 703 1520
610 704 40
1043 611 24
1491 1136 1138
612 614 280
614 612 24
280 614 1570
280 1519 704
1570 832 830
1570 614 369
280 830 1571
65 830 832
65 832 834
1570 830 280
611 614 24
833 830 65
1519 1571 1521
1519 280 1571
370 1521 1571
1571 833 370
1519 1521 250
833 829 1442
829 833 65
208 1442 829
208 829 1441
833 1442 370
830 833 1571
829 65 831
280 704 612
832 1570 369
832 1732 834
1870 970 452
494 1757 1760
1206 1208 144
90 954 953
182 1361 953
954 90 952
177 952 1341
956 952 90
955 90 953
1343 1341 1736
177 1341 1343
90 955 956
956 1341 952
1360 730 182
1343 1340 177
338 1559 1685
338 1340 1686
1559 338 1538
1561 1559 276
1536 276 1559
267 1536 1538
276 744 1324
744 276 1536
1536 743 744
1536 1559 1538
338 1686 1538
1561 276 1560
1343 1686 1340
1684 1340 338
1343 1736 425
1538 1686 1539
1634 956 955
374 956 1634
737 425 1736
425 1686 1343
1686 425 1539
1836 1622 425
1622 1623 303
1341 374 1736
1634 1723 374
1539 425 1622
267 812 743
812 267 1537
744 743 47
812 741 743
812 814 61
743 1536 267
1622 1537 1539
1537 1622 303
1537 814 812
814 1537 303
303 1573 814
1539 1537 267
1538 1539 267
61 814 813
737 1736 374
956 374 1341
307 1634 955
61 741 812
1326 1575 347
347 1560 1326
1326 1560 1324
347 1575 1551
173 1575 1326
173 1324 742
1548 1551 1575
282 1548 1575
1575 173 1325
1326 1324 173
1560 276 1324
1551 1548 272
348 1209 1681
272 1550 1206
1696 1697 1759
1696 348 1697
144 1208 1209
1553 1209 348
1681 1208 336
1208 1206 1550
1681 634 348
634 1697 348
336 1208 1550
1681 1209 1208
272 1548 1550
1759 1697 421
1574 1550 1548
1831 1760 1759
742 47 811
742 1324 744
811 47 741
811 1325 173
813 811 61
813 814 1573
282 1325 813
1325 811 813
813 1573 282
811 741 61
744 47 742
282 1575 1325
634 336 633
1550 1574 336
1697 635 421
1697 634 635
336 1574 1682
1681 336 634
1682 633 336
282 1577 1574
633 28 634
28 635 634
633 1682 638
1682 1574 1577
282 1574 1548
421 635 636
1576 282 1573
811 173 742
743 741 47
1759 421 1831
1573 303 1621
182 953 1360
736 737 374
1723 363 736
737 736 46
737 1836 425
740 46 735
740 739 46
734 738 46
738 737 46
738 734 1026
46 736 735
1633 1723 1634
737 738 1836
1836 426 1623
1836 738 426
1623 1621 303
1791 1621 1623
1623 426 1791
1623 1622 1836
931 932 86
932 1791 426
1621 1791 405
931 1791 932
929 932 1026
932 426 1026
738 1026 426
931 405 1791
739 734 46
1621 1576 1573
739 1027 734
1027 739 443
1027 443 1788
734 1027 104
1025 104 1027
1790 1025 404
1028 1025 1790
1025 1028 104
404 1025 1788
1025 1027 1788
443 1336 1788
104 929 1026
929 933 86
933 929 1028
86 930 931
930 86 933
933 1088 930
86 932 929
492 1088 933
492 1028 1790
865 117 595
117 930 1088
117 1088 595
933 1028 492
929 104 1028
931 930 1086
1088 492 598
1026 734 104
1859 443 739
117 1086 930
1577 1576 495
1577 282 1576
495 1576 1794
495 638 1682
1794 405 1793
405 1794 1576
1900 1793 482
1793 1900 1794
482 1793 1849
1794 1900 495
1621 405 1576
495 1900 638
632 28 637
28 633 638
1268 636 632
632 636 28
28 638 637
28 636 635
637 482 1269
637 638 1900
632 1269 159
1899 1270 1269
1899 1269 482
637 1269 632
1900 482 637
1269 1270 159
1793 405 1792
1682 1577 495
1849 1792 434
1086 1792 405
1087 1792 1086
1849 1899 482
1087 865 867
1087 1086 117
1849 434 1850
867 434 1087
1848 867 868
1087 434 1792
117 865 1087
1848 434 867
1899 1850 488
1850 1899 1849
488 1898 1903
1898 488 1850
1850 1848 1898
1899 488 1270
1897 1898 481
868 481 1848
1903 1897 487
1903 1898 1897
1897 481 1351
481 1898 1848
1850 434 1848
1270 488 1905
1897 1351 487
1849 1793 1792
931 1086 405
636 1830 421
867 865 72
1723 736 374
735 736 363
1903 1905 488
701 39 698
702 494 1831
699 702 1831
698 124 1117
697 39 848
699 39 702
847 844 68
844 698 697
39 699 700
697 698 39
421 699 1831
698 844 124
1116 396 1732
1115 124 1116
124 844 1116
1732 396 834
1714 396 1356
847 396 1116
1654 1655 1714
1714 1655 396
1611 396 847
396 1655 834
844 847 1116
834 1655 831
68 844 697
834 831 65
68 697 848
848 39 700
1830 700 699
437 700 1830
437 1225 848
1225 437 1268
848 845 68
845 848 1225
846 845 1224
437 848 700
636 437 1830
68 845 846
180 1611 1353
1356 396 1611
1355 1356 180
180 1356 1611
1353 1611 298
847 846 1611
16 563 564
563 1354 180
565 563 16
563 565 1354
564 563 1353
563 180 1353
298 1611 846
1714 1356 1355
562 565 16
847 68 846
1830 699 421
180 1354 1355
831 323 1441
323 1655 1654
1441 323 1527
1441 1440 208
1654 1250 1249
1250 1654 359
1247 1527 1249
1527 323 1249
1249 1250 153
1249 323 1654
831 1655 323
1441 1527 1440
1527 260 1440
1527 1247 260
1526 260 1247
1247 1248 1526
153 1248 1247
1248 153 1246
263 1246 1512
1246 263 1248
1246 153 1513
1248 263 1526
1249 153 1247
153 1250 1513
1441 829 831
1355 299 1612
1355 1354 299
1612 299 827
1355 1612 359
774 827 299
562 774 565
827 772 64
772 827 774
772 774 53
774 299 565
359 1714 1355
1612 827 828
247 1246 1513
1513 359 828
1512 1246 247
1513 826 247
1513 1250 359
828 64 826
64 828 827
826 1481 247
825 1481 826
825 826 64
828 826 1513
359 1612 828
64 772 824
359 1654 1714
565 299 1354
1225 148 845
701 702 39
1222 148 1225
1222 1268 159
148 1222 1227
148 1224 845
1271 1227 1222
159 1270 1271
1883 466 1226
1226 148 1227
1883 1226 1227
1222 159 1271
636 1268 437
148 1226 1223
298 1224 1316
298 846 1224
1317 1610 1316
1316 1610 298
1224 1223 1316
298 1610 564
1226 1319 1223
1223 1224 148
1318 171 1319
1319 171 1223
1319 466 1318
1223 171 1316
466 1319 1226
171 1317 1316
1227 1271 489
298 564 1353
489 1904 1886
1904 489 1905
489 1886 1883
489 1883 1227
1904 487 1885
1904 1905 1903
467 1887 1786
467 1886 1885
1349 467 1885
1885 1886 1904
1903 487 1904
1886 467 1882
1785 1318 466
466 1882 1785
171 1318 1132
403 1135 1318
1318 1785 403
466 1883 1882
1786 403 1785
1882 1883 1886
1135 403 1758
1787 403 1786
1787 1786 1887
1786 1785 1882
467 1786 1882
1286 403 1787
1349 1885 487
489 1271 1905
1270 1905 1271
1135 1132 1318
16 566 562
564 1610 566
775 566 324
562 566 775
1317 1132 1133
1317 171 1132
775 324 1040
1133 324 1317
1133 128 1040
566 1610 324
1610 1317 324
1040 324 1133
824 772 53
562 775 53
825 824 1039
825 64 824
53 773 824
774 562 53
107 824 773
773 53 775
226 1039 1482
226 825 1039
107 773 1040
107 1039 824
1040 773 775
825 226 1481
128 1133 1132
16 564 566
1038 128 1134
128 1038 1040
128 1135 1134
1042 1038 1134
1758 1286 1285
1758 1134 1135
389 1285 1393
1285 389 1758
1285 1283 1393
1758 389 1134
1132 1135 128
1042 1134 389
107 1042 1041
1042 107 1038
1482 1041 375
1482 1039 1041
1042 1737 1041
1041 1039 107
1737 1393 375
1737 1042 389
1392 375 1393
1392 1393 190
1737 375 1041
389 1393 1737
163 1285 1286
1038 107 1040
403 1286 1758
1787 1287 1286
1222 1225 1268
159 1268 632
1790 1661 492
272 1549 1551
955 953 1361
1009 1012 1278
188 1387 725
725 1387 727
725 724 998
206 1430 726
727 726 548
726 727 206
726 202 548
206 727 1387
725 727 44
547 13 549
545 547 724
546 438 549
1001 547 549
44 548 545
548 44 727
545 13 547
13 545 548
548 550 13
44 545 724
724 725 44
546 549 13
726 1430 202
725 998 188
1150 202 1431
1150 1431 220
852 1413 851
1413 852 220
850 69 849
851 69 852
1413 197 851
1150 220 852
69 1151 852
505 1432 1153
1150 1432 202
546 13 550
505 550 1432
1432 1150 1153
550 548 1432
1151 850 132
850 1151 69
1153 132 1152
1153 1150 132
1152 132 1019
132 1150 1151
1150 852 1151
505 1153 1742
1019 132 850
1432 548 202
756 550 505
753 752 49
752 1835 754
49 752 754
753 424 1834
546 756 49
546 550 756
753 49 751
755 49 756
751 755 765
546 49 754
438 546 754
751 49 755
424 763 881
424 753 763
75 879 881
762 75 881
881 763 762
424 881 1731
51 762 763
765 51 751
762 580 75
579 580 762
762 51 579
51 763 751
753 751 763
877 75 580
755 756 459
879 75 880
1855 459 1741
459 765 755
1741 459 1877
459 1855 765
376 1741 1742
1742 1877 505
1741 1739 1855
376 1739 1741
376 1742 1152
1742 1741 1877
505 1877 756
1855 1739 439
764 579 51
765 1855 764
579 19 580
584 19 579
579 764 584
764 51 765
439 1706 584
711 1706 439
584 583 19
583 584 1706
1706 354 583
439 584 764
1855 439 764
581 19 583
1837 439 1739
459 756 1877
1152 1742 1153
582 580 19
69 851 1021
1834 752 753
197 1412 1021
1021 1412 1022
1021 849 69
215 1463 570
1022 570 568
570 1022 215
568 570 17
215 1022 1412
1021 1022 103
1019 849 103
1019 850 849
1019 103 1023
1024 103 1020
1021 103 849
1023 103 1024
568 569 156
17 569 568
1020 156 1024
156 1020 568
569 1259 156
568 1020 103
1022 568 103
1260 1024 156
570 1463 571
1023 1152 1019
238 1501 917
917 1501 918
238 917 571
255 1397 916
918 916 82
916 918 255
82 916 1398
255 918 1501
917 918 82
571 567 17
567 571 82
572 569 17
1259 569 572
17 567 572
571 17 570
919 572 567
1398 919 82
572 377 1259
377 572 919
377 919 1398
919 567 82
571 917 82
1261 156 1259
192 916 1397
238 571 1463
1743 1259 377
1738 376 1740
376 1152 1023
1740 376 1023
1738 1837 1739
1740 440 1838
1740 1023 1024
543 710 427
427 1738 1838
1839 427 1838
1838 1738 1740
440 1740 1024
1738 427 1837
708 1706 711
711 1837 710
583 354 992
708 928 354
1706 708 354
439 1837 711
706 708 41
711 41 708
85 706 707
706 85 708
41 711 710
708 85 928
1837 427 710
928 671 354
1838 440 1856
1739 376 1738
1856 1839 1838
1856 1260 1261
1839 1856 500
543 427 1839
1261 1743 500
1261 1260 156
544 1839 500
923 544 500
500 1743 922
500 1856 1261
1259 1743 1261
1839 544 543
540 41 710
540 543 12
41 707 706
709 707 41
41 540 709
710 543 540
542 709 540
12 544 541
707 709 1704
417 709 542
12 539 542
542 540 12
543 544 12
1704 709 417
542 539 417
440 1260 1856
1024 1260 440
85 707 927
417 1199 1704
197 1021 851
668 928 85
372 880 1638
372 1729 880
1638 880 878
372 1638 1011
878 877 1333
878 880 75
1216 1333 1215
175 1333 877
877 582 175
1638 878 311
75 877 878
311 878 1333
1011 1010 101
1011 1638 1010
101 1010 1008
101 1009 1011
311 1216 1008
1216 311 1333
1218 101 1008
146 1218 1008
146 1008 1216
1008 1010 311
1638 311 1010
101 1218 1013
1215 1333 175
1009 101 1012
175 991 1215
991 175 582
991 582 581
990 1215 991
581 992 97
582 877 580
994 992 1707
992 994 97
354 1707 992
581 97 991
581 582 19
990 991 97
146 990 1217
990 146 1215
391 1217 993
993 1217 990
97 993 990
146 1217 1218
994 498 1764
498 994 1707
1764 391 993
1840 1764 498
1840 498 672
994 1764 993
97 994 993
1218 1217 1763
498 1707 673
1215 146 1216
992 581 583
1761 1764 1840
442 1858 1212
1212 1210 1335
1858 1012 1013
1212 1858 1214
461 1214 1858
1878 461 1763
1214 1878 1213
1878 1214 461
1013 1218 461
461 1858 1013
101 1013 1012
1212 1214 145
1210 145 1211
1210 1212 145
1211 1049 404
1048 1049 1211
1211 145 1048
1211 404 1334
1213 1050 1048
460 1050 1213
1048 109 1049
109 1048 1050
1050 1052 109
1213 1048 145
1214 1213 145
1051 1049 109
1213 1878 460
1012 1858 442
1762 460 1878
1762 1763 391
1109 460 1762
1879 1050 460
391 1761 1107
1763 1217 391
1109 1762 1107
1108 1107 1761
1108 1761 429
391 1107 1762
1218 1763 461
122 1107 1108
503 1879 1110
1109 1879 460
1890 1052 503
503 1052 1879
1879 1109 1110
1052 1050 1879
655 1110 650
122 1110 1109
140 1189 655
1189 503 655
650 1110 122
655 503 1110
1109 1107 122
109 1052 1051
1106 122 1108
1878 1763 1762
1761 391 1764
1890 503 1189
429 1761 1840
1211 1334 1210
671 34 673
34 671 668
672 673 34
498 673 672
668 927 670
927 668 85
352 669 670
669 34 670
1068 669 113
670 34 668
671 928 668
672 34 669
1705 429 1068
429 1840 672
1106 1705 353
1106 1108 1705
429 672 1068
1108 429 1705
1067 353 1705
113 1067 1068
1106 353 654
1578 761 353
1578 353 1067
1067 1705 1068
672 669 1068
761 1221 353
927 352 670
673 1707 671
599 113 1066
1066 113 669
352 1066 669
602 1066 352
22 602 1196
602 599 1066
113 599 1065
22 599 602
1196 352 1704
1196 602 352
927 707 352
601 599 22
759 1578 283
1578 1067 1065
757 50 759
759 50 1578
1578 1065 283
1578 50 761
1579 283 1580
283 1058 759
757 759 1058
1579 1058 283
1580 283 601
283 1065 601
1065 599 601
1061 1058 1579
601 22 603
1065 1067 113
352 707 1704
758 761 50
654 1221 147
654 650 1106
147 1221 758
654 147 652
758 760 284
758 1221 761
1220 1219 1582
284 1219 758
760 1059 284
758 1219 147
760 758 50
147 1219 1220
654 31 650
654 652 31
518 653 31
518 31 652
652 8 518
650 31 655
519 1220 520
519 652 147
8 520 522
520 8 519
1220 308 520
519 8 652
1220 519 147
8 521 518
1219 284 1582
654 353 1221
1582 284 1581
308 1220 1582
757 1059 760
111 1059 757
111 1061 1060
111 757 1058
1581 1060 305
1581 1059 1060
1060 1626 305
1060 1059 111
1058 1061 111
1582 1581 308
1635 522 520
1635 308 1625
522 517 8
362 517 522
522 1635 362
520 308 1635
1625 305 1627
305 1625 1581
1722 362 1627
362 1635 1627
1627 305 1628
1627 1635 1625
308 1581 1625
617 517 362
1626 1060 1061
284 1059 1581
50 757 760
651 655 31
361 1061 1579
1106 650 122
671 1707 354
521 8 517
922 1743 377
99 724 547
1398 192 1005
192 1398 916
1005 192 1399
1005 1006 377
1399 409 1007
1007 1358 1004
1358 1007 409
409 1447 1358
1399 1007 1005
1005 1007 100
922 1006 920
922 377 1006
920 1006 100
83 922 920
100 1004 746
100 1006 1005
747 1003 746
746 1003 100
746 1004 748
100 1003 920
1007 1004 100
921 920 1003
1004 1358 181
922 923 500
1447 210 1357
1357 210 1229
1357 181 1358
149 1229 1230
1446 1229 210
1228 149 781
149 1228 1229
1229 1446 1230
1229 1228 1357
1357 1228 181
181 782 748
181 1228 782
48 746 748
745 48 748
748 782 745
748 1004 181
784 55 783
55 745 782
48 745 750
784 745 55
783 55 781
55 782 781
1228 781 782
747 746 48
784 1746 504
1447 1357 1358
784 750 745
923 83 541
83 920 921
558 541 83
539 12 541
921 121 872
121 921 1003
558 83 872
873 872 121
74 873 875
921 872 83
83 923 922
74 872 873
539 558 15
558 539 541
559 561 15
15 561 539
558 557 15
561 417 539
557 74 874
557 558 872
560 874 162
874 560 557
874 74 876
557 560 15
872 74 557
560 559 15
873 121 1105
561 1199 417
378 1105 749
747 1105 121
749 1105 747
1105 378 875
749 750 1745
749 747 48
1745 504 1893
504 1745 750
750 784 504
749 1745 378
121 1003 747
378 1745 1744
1281 874 876
875 378 876
1280 162 1281
162 874 1281
876 478 1281
74 875 876
1744 1893 478
876 378 1744
1281 478 1824
1257 478 1893
1257 1893 1258
1744 478 876
1745 1893 1744
478 1257 1824
1893 504 1258
875 873 1105
750 749 48
1195 560 162
1232 781 149
541 544 923
1230 233 1495
233 1230 1446
1495 233 509
1231 1230 1495
511 341 1495
511 509 5
1193 341 1598
1594 341 511
511 289 1594
511 1495 509
1231 1495 341
379 1232 1688
783 781 1232
1746 783 379
379 783 1232
1232 1231 1688
149 1231 1232
1688 1193 1194
1688 1231 341
1472 379 1194
1191 1472 1194
141 1194 1193
1194 379 1688
341 1193 1688
1419 379 1472
1598 341 1594
149 1230 1231
510 289 511
510 511 5
289 1593 1594
1593 1598 1594
1598 292 1192
1593 292 1598
1192 292 1434
1192 1190 141
1190 1192 203
221 1472 1191
1191 141 1190
1190 1433 1191
141 1193 1192
203 1433 1190
1417 1472 221
1433 221 1191
1192 1434 203
1194 141 1191
1193 1598 1192
1417 1419 1472
504 1687 1258
1746 1420 504
504 1420 1687
340 1258 1687
1418 1420 199
1419 1420 1746
1418 340 1687
1467 1418 217
1420 1419 199
1418 1687 1420
1746 379 1419
1467 340 1418
1255 662 155
662 1255 667
1256 1257 155
1254 155 662
662 339 1254
1255 155 1258
662 33 666
1595 667 340
339 666 1592
339 662 666
33 662 667
1255 340 667
1255 1258 340
789 155 1254
1595 340 1467
1258 155 1257
665 1595 290
1416 1418 199
1418 1416 217
665 33 667
1466 1467 217
1466 290 1595
1466 1595 1467
665 290 1504
33 663 664
33 665 663
1592 664 288
1592 666 664
663 240 664
666 33 664
1504 240 663
1503 288 664
240 1503 664
665 1504 663
339 1592 1406
667 1595 665
1419 1417 199
1405 1592 288
1746 784 783
789 1254 339
600 1196 142
1196 1704 1199
142 1196 1199
600 603 22
559 1195 142
559 560 1195
1198 1782 1197
1197 600 142
1198 1197 142
142 1199 559
561 559 1199
600 1197 603
1720 1580 401
1580 601 603
401 1580 603
1720 361 1579
401 1782 1783
401 603 1197
1720 1783 1721
1816 474 1783
1816 1783 1782
401 1783 1720
1197 1782 401
1721 1783 474
1200 142 1195
22 1196 600
1200 1282 480
1282 1200 1195
480 1282 1826
1200 480 1198
1280 1824 418
1282 1195 162
1894 1826 1825
418 1826 1280
1824 1256 418
1280 1826 1282
1282 162 1280
480 1826 1894
1198 1818 414
1198 480 1818
1816 414 1618
1816 1782 414
1818 1817 414
414 1782 1198
1330 414 1817
479 1817 1894
1618 1330 1327
1618 414 1330
1327 1330 174
1817 1818 1894
480 1894 1818
1816 1618 474
1330 1817 1331
1200 1198 142
1824 1280 1281
474 1618 1619
1626 361 1719
1626 1061 361
1719 361 1721
1626 1719 1628
474 1781 1721
474 1619 1781
1719 1781 400
1619 1617 1781
1618 301 1619
1721 1781 1719
361 1720 1721
301 1617 1619
1628 400 1722
1628 1719 400
618 362 1722
618 1722 400
400 1715 618
1722 1627 1628
1617 1091 1093
1091 1617 301
1093 1092 1715
1715 400 1093
1093 1091 118
1093 400 1617
1781 1617 400
617 362 618
301 1142 1091
305 1626 1628
301 1616 1142
1616 301 1327
1616 1327 312
1142 1616 1143
1055 312 1640
312 1143 1616
1142 1143 130
1055 1143 312
1055 1056 110
312 1327 1328
1327 301 1618
1053 1143 1055
118 1089 1090
1091 1089 118
300 1090 1141
1141 1090 1089
1089 130 1141
1093 118 1092
1053 1054 1141
1053 130 1143
1057 1054 110
110 1054 1053
1053 1055 110
1053 1141 130
1142 130 1089
1090 1092 118
1639 312 1328
1089 1091 1142
1327 174 1328
1141 1054 300
418 1825 1826
1579 1580 1720
418 793 1825
793 418 1256
793 1256 789
1825 793 794
57 794 793
57 789 792
794 795 1895
795 794 57
57 791 795
57 793 789
155 789 1256
1825 794 479
479 1896 1331
1896 479 1895
1331 1332 174
1332 1331 1896
1896 491 1332
1331 1817 479
1895 486 1902
486 1895 795
491 1902 1456
491 1896 1902
486 1455 1902
1902 1896 1895
479 794 1895
1645 1332 491
795 1486 486
1331 174 1330
790 791 57
790 792 1406
791 790 1404
791 1486 795
1406 1405 194
1256 1824 1257
1404 790 194
194 790 1406
789 339 792
791 1404 228
1455 1456 1902
1455 1486 1452
491 1456 1645
212 1454 1456
1456 1455 212
486 1486 1455
228 1452 1486
212 1453 1454
1452 212 1455
1486 791 228
1454 1645 1456
792 790 57
339 1406 792
1498 1454 1453
174 1329 1639
174 1332 1329
1639 1329 316
1639 1640 312
1645 316 1329
1645 1454 316
1303 1583 1304
1498 1304 316
1498 316 1454
1639 316 1644
1332 1645 1329
1583 316 1304
1640 1644 319
1644 1640 1639
1649 1056 319
319 1056 1640
1644 1584 319
1056 1055 1640
861 1584 285
1584 862 319
862 863 319
861 862 1584
285 1584 1583
1584 1644 1583
1644 316 1583
1057 110 1056
1304 1498 1300
1328 174 1639
167 1300 1301
1304 1300 167
1301 1300 1497
167 1301 1302
262 1301 1497
1302 262 1530
1302 1301 262
1497 1300 235
167 1303 1304
167 1302 1303
1303 1556 285
1303 1302 1556
861 285 860
1523 285 1556
1556 1522 1523
285 1583 1303
274 1556 1302
1522 254 1523
274 1522 1556
1530 274 1302
860 285 1523
1300 1498 235
1453 235 1498
860 1523 254
1894 1825 479
1592 1405 1406
616 618 1715
1005 377 1398
862 861 71
1658 1661 1790
1658 404 1789
1661 1658 326
598 492 1661
1660 326 1658
1660 1789 470
1661 326 598
1659 785 326
785 56 593
1660 1658 1789
1049 1789 404
596 326 785
594 595 21
595 1088 598
21 595 598
594 72 865
596 593 21
593 596 785
21 597 594
597 21 593
597 593 786
596 21 598
598 326 596
866 594 597
1660 1659 326
865 595 594
470 1188 1809
1890 470 1051
1809 1659 1660
1660 470 1809
1188 411 1809
1186 1188 140
1807 411 1808
1186 411 1188
1890 1189 1188
1188 470 1890
1049 1051 1789
1809 411 1659
786 56 788
785 1659 787
786 327 597
1662 327 786
56 785 787
56 786 593
787 1807 788
787 1659 411
1662 786 788
415 1662 788
1662 415 1821
788 56 787
411 1807 787
327 1662 1663
1807 415 788
470 1789 1051
1890 1051 1052
866 597 327
1033 868 864
868 867 72
864 868 72
1033 1351 481
866 1030 864
866 327 1030
864 105 1033
105 864 1030
1029 105 1031
866 864 72
72 594 866
1033 105 1029
1351 179 1352
179 1351 1029
1349 1352 179
1349 487 1352
179 1350 1349
487 1351 1352
1348 179 1347
1031 1347 1029
1350 1348 1864
1350 179 1348
1348 1347 1861
1347 179 1029
1351 1033 1029
1884 1349 1350
1032 105 1030
1884 467 1349
1862 1032 476
1663 1032 1030
476 1032 1663
1032 1862 1031
1821 1891 476
1820 1891 1821
476 1376 1862
1376 476 1891
1371 1376 185
1821 476 1663
327 1663 1030
1862 1376 1371
446 1861 1347
1031 1862 446
1348 447 1864
1348 1861 447
446 1372 1861
1347 1031 446
1372 447 1861
185 1372 1371
1864 447 689
1863 447 1372
1863 1372 1373
1372 446 1371
1862 1371 446
1863 689 447
1375 1376 1891
1032 1031 105
1662 1821 1663
468 1350 1864
1808 411 1186
404 1658 1790
1186 1187 1808
1187 1186 140
1187 140 1185
1808 1187 416
1657 1187 1185
1657 1185 325
1823 416 1803
416 1187 1657
1185 651 653
1185 140 651
1189 140 1188
1808 416 1819
415 1819 1822
415 1807 1819
1820 1822 1892
1822 1820 415
1819 1823 1822
1891 1820 475
477 1892 1822
1805 477 1823
1820 1892 475
962 1892 477
477 1370 962
477 1822 1823
1819 416 1823
475 1892 962
1803 416 1657
1819 1807 1808
653 521 325
651 31 653
325 521 615
1656 1657 325
25 615 517
620 619 25
325 615 1656
619 615 25
619 483 1806
615 521 517
521 653 518
1656 615 619
1805 1803 410
1803 1657 1656
477 1805 1074
1370 477 1074
410 1803 1656
1805 1823 1803
1070 410 1804
410 1656 619
1069 1370 114
1074 1805 1070
1074 1070 114
1070 1805 410
619 1806 410
1074 114 1370
617 618 25
325 1185 653
517 617 25
962 1370 957
958 185 1375
185 1376 1375
1375 1891 475
961 1375 475
961 91 958
91 961 962
185 958 1374
960 958 91
1841 449 960
961 958 1375
475 962 961
1374 958 960
1373 1374 1865
1374 1373 185
448 1865 808
1865 448 1373
1374 449 1865
448 1863 1373
809 808 1865
809 449 1841
1596 448 808
60 808 809
809 807 60
809 1865 449
1374 960 449
60 805 808
960 91 959
1373 1372 185
430 959 1368
959 1841 960
1368 959 957
959 430 1841
1369 1368 184
184 1368 957
1368 1842 430
1369 1842 1368
54 779 1842
957 1370 184
962 957 91
430 1842 779
430 807 1841
430 1765 807
806 60 807
806 807 1765
1765 392 806
807 809 1841
777 392 1765
777 779 54
392 981 1666
981 392 777
777 776 981
777 1765 779
430 779 1765
806 810 60
1069 1073 184
959 91 957
184 1370 1069
1766 806 392
1806 1804 410
415 1820 1821
651 140 655
690 1863 448
1888 1887 1884
1887 467 1884
1884 1350 468
468 1888 1884
689 690 37
689 1863 690
660 468 691
37 691 689
37 687 686
691 468 1864
689 691 1864
656 691 37
502 1888 660
1888 502 1887
1888 468 660
661 502 660
37 688 656
660 691 656
1558 688 275
275 688 686
275 686 687
656 32 660
686 688 37
688 659 656
687 37 690
502 1287 1787
1291 696 275
164 1291 1557
38 696 1291
696 1533 275
1290 265 1288
164 1288 693
38 1291 693
265 693 1288
841 265 1531
164 693 1291
1557 275 687
694 693 265
696 695 1533
696 38 695
842 695 692
692 695 38
38 694 692
1558 275 1533
841 67 692
841 694 265
842 692 67
843 67 841
843 841 1531
841 692 694
693 694 38
1532 67 843
1288 164 1290
1291 275 1557
690 1596 687
1533 695 266
163 1287 658
1283 1285 163
658 1287 32
1014 163 658
32 657 658
661 660 32
102 657 1017
659 657 32
659 32 656
32 1287 661
1287 502 661
1014 658 657
1283 1284 1391
1283 163 1284
1391 190 1283
1284 236 1391
1393 1283 190
1014 102 1016
102 1014 657
236 1016 1458
236 1284 1016
102 1015 1016
1016 1284 1014
163 1014 1284
657 659 1017
1287 163 1286
337 1558 1535
337 659 688
1558 1533 1535
337 1535 1567
842 1532 266
1532 842 67
1534 1567 266
266 1567 1535
266 1532 1534
1535 1533 266
1558 337 688
337 1567 1683
1018 1015 102
1018 1017 1683
1458 1015 213
1458 1016 1015
1018 1459 1015
102 1017 1018
428 1459 1018
1569 428 1683
1457 213 1459
213 1015 1459
1459 428 1487
1018 1683 428
1017 337 1683
1683 1567 1569
337 1017 659
842 266 695
269 1532 843
502 1787 1887
1292 1557 291
291 687 1596
1557 687 291
164 1292 1289
805 1597 291
1597 805 810
1383 1542 291
1542 1292 291
291 1597 1383
291 1596 805
448 1596 690
1289 1292 1542
269 1290 1540
1290 164 1289
269 1534 1532
269 1531 1290
1290 1289 1540
1531 265 1290
1542 1381 268
268 1289 1542
269 1540 1543
268 1541 1540
1383 187 1381
268 1540 1289
1383 1381 1542
268 1381 1541
1597 1386 1383
1557 1292 164
462 1386 1597
462 810 1766
1386 462 527
1386 187 1383
1766 1666 1667
1666 1766 392
527 1667 9
527 462 1667
1667 329 526
1667 462 1766
810 805 60
1386 527 524
524 9 525
524 527 9
525 328 524
524 1384 187
9 523 525
187 1386 524
526 1263 523
329 1263 526
525 523 1262
157 523 1263
157 1098 1264
526 523 9
526 9 1667
157 1262 523
1666 329 1667
1597 810 462
805 1596 808
1382 1381 187
269 1543 1534
1543 1540 1541
1543 1541 279
1534 1543 279
279 1382 1568
1382 279 1541
1568 1385 385
1385 1568 1382
187 1385 1382
279 1569 1567
1381 1382 1541
1569 279 1568
1299 428 1753
1569 1568 1753
1457 1487 229
1457 1459 1487
1299 1487 428
428 1569 1753
1298 1299 1753
1752 1298 385
1487 1296 229
1299 1296 1487
1299 1298 166
1298 1753 385
1568 385 1753
385 1385 1665
1567 1534 279
1665 1664 1752
328 1665 1384
1297 1298 1752
385 1665 1752
328 1262 1664
328 1384 524
1752 1664 384
1264 1664 1262
1262 157 1264
328 1664 1665
525 1262 328
384 1664 1264
1295 1296 166
166 1298 1297
1296 1407 229
1295 1407 1296
166 1297 1295
1296 1299 166
1409 1295 1297
1084 1409 384
1295 195 1407
195 1295 1409
1100 384 1264
1409 1297 384
1297 1752 384
1409 1082 195
1665 1385 1384
1384 1385 187
157 1263 1098
843 1531 269
806 1766 810
980 1666 981
868 1033 481
483 620 1718
616 620 25
1718 620 616
1853 1806 483
360 1716 1717
1716 360 1613
1718 1717 483
1717 1718 360
1716 1851 1717
360 1718 616
1715 360 616
483 1717 1853
1072 1804 436
1804 1806 1853
436 1804 1853
1072 114 1070
1854 436 1796
436 1853 1717
1075 1854 484
1075 1072 1854
1796 436 1851
1854 1072 436
1717 1851 436
1072 1075 114
1851 1716 435
1072 1070 1804
1615 1716 1613
1092 1090 1613
1716 1615 435
435 1795 1851
300 1614 1615
300 1054 1614
1615 1725 435
1725 1615 1614
1852 1725 1726
300 1615 1613
1092 360 1715
435 1725 1852
1797 1796 406
1796 1851 1795
484 1797 589
484 1854 1797
1796 1795 406
1797 1854 1796
1852 1798 406
496 1798 1852
1797 588 589
406 588 1797
589 590 1901
1852 406 1795
1795 435 1852
1075 484 1814
1725 1614 364
1613 360 1092
618 616 25
1901 484 589
1073 1369 184
1073 114 1071
1369 1073 473
1369 473 1842
1813 473 1073
1768 1813 413
473 1768 1769
1768 473 1813
1813 1071 413
1813 1073 1071
1075 1071 114
473 780 1842
776 54 778
54 1842 780
95 980 981
982 95 776
778 54 780
95 981 776
1769 393 778
393 1769 1768
778 982 776
982 778 393
95 982 983
1769 778 780
780 473 1769
1767 982 393
1768 936 393
54 776 777
413 1814 1815
1814 413 1071
1815 1814 1901
938 413 1815
490 939 1815
490 1901 590
939 1063 934
1063 939 490
490 590 1063
490 1815 1901
1075 1814 1071
938 1815 939
937 936 87
1767 393 936
412 1767 937
937 1767 936
936 938 87
1768 938 936
87 934 935
87 938 939
896 894 935
935 894 87
935 934 1062
87 894 937
939 934 87
897 937 894
112 934 1063
1768 413 938
484 1901 1814
1767 983 982
1798 588 406
619 620 483
364 1726 1725
364 1057 1649
1726 364 1322
1726 496 1852
863 1322 364
1649 319 863
496 1322 1323
496 1726 1322
1323 1322 172
364 1649 863
1056 1649 1057
591 1798 496
20 591 586
588 1798 591
20 590 589
20 588 591
591 1097 119
496 1097 591
1094 119 1097
172 1094 1323
1095 586 119
586 591 119
586 587 20
1097 1323 1094
496 1323 1097
1094 1096 119
1322 863 858
20 589 588
1320 858 189
71 858 863
859 858 71
858 1320 172
860 1390 859
1390 860 254
859 189 858
189 859 1390
860 859 71
862 71 863
1320 189 1389
1095 119 1096
1096 172 1321
224 587 1095
587 586 1095
1096 1476 1095
1096 1094 172
1321 1389 245
1321 172 1320
1476 1096 245
245 1096 1321
1320 1389 1321
224 1095 1476
858 172 1322
1054 1057 1614
20 587 592
112 712 1062
112 1063 585
355 935 1062
934 112 1062
1064 585 497
585 590 20
712 42 715
712 112 1064
717 712 1064
1064 112 585
592 585 20
1062 712 355
895 896 1294
78 894 896
835 78 895
895 78 896
896 355 1294
935 355 896
165 1294 713
715 1294 355
836 895 165
1293 836 165
713 1294 715
165 895 1294
355 712 715
78 897 894
592 497 585
1063 590 585
1827 717 497
42 712 717
497 592 1478
1827 497 1478
1477 1827 1478
717 1827 716
419 1827 1477
1477 1478 224
587 1478 592
716 1827 419
1293 713 714
713 715 42
837 836 1293
837 1293 207
713 42 714
1293 165 713
716 1439 714
1439 716 419
714 207 1293
207 714 1439
716 714 42
42 717 716
837 207 1438
717 1064 497
224 1478 587
895 836 835
364 1614 1057
300 1613 1090
66 836 837
1668 980 471
984 980 95
471 980 984
980 1668 329
983 412 1811
983 1767 412
1668 471 1104
1811 471 983
471 1811 1104
983 471 984
984 95 983
1102 1811 412
1098 1100 1264
1098 329 1099
1100 1098 120
384 1100 1084
1104 1102 120
1104 329 1668
1099 120 1098
120 1099 1104
120 1102 1103
1104 1099 329
1811 1102 1104
1080 1100 120
1102 412 1810
329 1666 980
472 1812 898
1812 1810 412
898 1812 897
1810 1812 472
898 835 840
898 897 78
356 1710 839
1710 472 840
1710 840 839
840 472 898
937 897 412
1844 472 1710
1810 1844 431
1810 472 1844
1771 1103 431
431 1103 1810
1844 1708 431
1810 1103 1102
1708 356 1709
1708 1844 1710
1843 1709 441
1709 1843 1708
356 1244 1709
1708 1843 431
356 1708 1710
120 1103 1101
840 835 66
1812 412 897
898 78 835
431 1843 1771
1082 116 1083
116 1082 1084
1082 1083 313
1082 1408 195
1080 1085 116
1085 1080 1101
116 1081 1083
1081 116 1085
1081 1241 151
116 1084 1100
1080 116 1100
1083 1081 1239
1082 313 1408
1083 1239 313
1468 313 1239
1239 218 1468
1469 1238 1240
151 1238 1239
1469 218 1238
1240 1238 151
1238 218 1239
1081 151 1239
1241 1081 1085
1082 1409 1084
1085 395 1241
1241 1240 151
395 1101 1771
1643 1241 395
1843 1772 1771
1772 1843 441
1425 395 1772
1425 1772 441
1425 1689 1423
1772 395 1771
1080 120 1101
1424 395 1425
1240 1643 315
1643 1240 1241
1422 315 1643
1643 1424 1422
1240 315 1469
1425 200 1424
200 1425 1423
1421 200 1423
1423 204 1421
1424 200 1422
1643 395 1424
1425 441 1689
1085 1101 395
1771 1101 1103
1709 1245 441
1263 329 1098
533 839 529
66 839 840
529 839 66
823 356 533
10 529 531
838 529 66
528 533 10
530 63 528
528 10 530
10 533 529
837 838 66
533 528 823
152 1244 820
1244 356 823
1245 152 889
152 1245 1244
1244 823 820
1245 1709 1244
1243 820 822
63 820 823
1242 152 1243
1242 889 152
822 820 63
1243 152 820
823 528 63
1245 889 893
531 529 838
1245 893 441
532 531 257
244 838 1438
531 838 244
530 10 532
244 1509 531
257 1479 532
1509 257 531
532 1479 530
821 822 63
821 530 225
1243 258 1242
1243 822 258
821 1480 822
530 821 63
225 1480 821
258 1510 1242
1480 258 822
530 1479 225
889 1242 890
532 10 531
835 836 66
246 1242 1510
342 1436 1423
342 1689 893
1620 1436 342
1436 204 1423
893 77 892
893 889 77
1181 342 892
888 1181 892
1180 1181 138
892 342 893
441 893 1689
1620 342 1181
1436 1435 204
1435 1436 1620
302 1435 1620
1620 1180 302
1180 1177 222
1180 1620 1181
222 1474 1180
1177 1473 222
1180 1474 302
1180 138 1177
888 892 77
1423 1689 342
77 891 888
891 77 890
891 890 1511
888 891 1179
259 891 1511
1179 259 1508
1179 891 259
1511 890 246
889 890 77
888 1179 138
1178 1473 1177
138 1179 1178
243 1473 1178
1178 1508 243
1178 1177 138
1508 513 2
513 1508 259
2 512 1508
1508 512 243
1179 1508 1178
888 138 1181
1242 246 890
356 839 533
838 837 1438
1069 114 1073
860 71 861
372 1011 1009
