0.0000000000000000e+00 0.0000000000000000e+00
1.0000000000000000e+00 0.0000000000000000e+00
1.0000000000000000e+00 1.0000000000000000e+00
0.0000000000000000e+00 1.0000000000000000e+00
0.0000000000000000e+00 0.0000000000000000e+00
1.0000000000000000e+00 0.0000000000000000e+00
1.0000000000000000e+00 1.0000000000000000e+00
0.0000000000000000e+00 1.0000000000000000e+00
6.9742877314456364e-01 4.5354268267806891e-01
7.2205559947034792e-01 8.6638232592862918e-01
9.7552150500288581e-01 8.5580334239261102e-01
1.1714084185001999e-02 3.5997806447836389e-01
7.2999056242405802e-01 1.7162967726144049e-01
5.2103660620412928e-01 5.4337988339253601e-02
1.9999652489640010e-01 1.8521794460613999e-02
7.9369770335742063e-01 2.2392468806038010e-01
3.4535168069690270e-01 9.2808129346559087e-01
7.0441440192353277e-01 3.1838929531307798e-02
1.6469415649791269e-01 6.2147840149976352e-01
5.7722858860416759e-01 2.3789282137450860e-01
9.3421399792479376e-01 6.1396595596589598e-01
5.3563280302495830e-01 5.8990997635457099e-01
7.3012202951676963e-01 3.1194499547960192e-01
3.9822106221609188e-01 2.0984374897512209e-01
1.8619300588033619e-01 9.4437238998393358e-01
7.3955079504928756e-01 4.9045880861756708e-01
2.2741462797332321e-01 2.5435648177039288e-01
5.8029160323875603e-02 4.3441662555812077e-01
3.1179588199410257e-01 6.9634348881545949e-01
3.7775183929248091e-01 1.7960367755963480e-01
2.4678728391331201e-02 6.7249631463248596e-02
6.7939277349856730e-01 4.5369684455604531e-01
5.3657921110872220e-01 8.9667129304034210e-01
9.9033894739670436e-01 2.1689698439847391e-01
6.6307820310010079e-01 2.6332237673715059e-01
2.0650999465728698e-02 7.5837865383614145e-01
3.2001715082246779e-01 3.8346389417189802e-01
5.8831711355360572e-01 8.3104845523619042e-01
6.2898184359114873e-01 8.7265065544739528e-01
2.7354203481563583e-01 7.9804683391256370e-01
1.8563594430595221e-01 9.5279165697194457e-01
6.8748827638781529e-01 2.1550767711355839e-01
9.4737059048892425e-01 7.3085580677015782e-01
2.5394164259502577e-01 2.1331197736748200e-01
5.1820071393066325e-01 2.5662718054531599e-02
2.0747007544110940e-01 4.2468546875150631e-01
3.7416998033422549e-01 4.6357542436481070e-01
2.7762870629473191e-01 5.8678434645816879e-01
8.6385560592323141e-01 1.1753185596203310e-01
5.1737910715411417e-01 1.3206810634515331e-01
7.1685968119259369e-01 3.9605970280729369e-01
5.6542131185850897e-01 1.8327983621407859e-01
1.4484775934337721e-01 4.8805628064895462e-01
3.5561273784995562e-01 9.4043194525281304e-01
7.6532525380696526e-01 7.4866361985054730e-01
9.0371973974593345e-01 8.3422435442018494e-02
5.5219246992240656e-01 5.8447606895576887e-01
9.6193637854722902e-01 2.9214752679254891e-01
2.4082877991544679e-01 1.0029394226549780e-01
1.6429629591474201e-02 9.2952931679219053e-01
6.6991654659091004e-01 7.8515291202313775e-01
2.8173010575394908e-01 5.8641016618632669e-01
6.3955266120981097e-02 4.8562759593462290e-01
9.7749513974444679e-01 8.7650524531659080e-01
3.3815895183684558e-01 9.6157015454149852e-01
2.3170162647120451e-01 9.4931882241568144e-01
9.4137770470649862e-01 7.9920258735239169e-01
6.3044793686679113e-01 8.7428796662494701e-01
2.9302028450779671e-01 8.4894355531291821e-01
6.1787669191752381e-01 1.3236857758899500e-02
3.4723351793221963e-01 1.4814086094816500e-01
9.8182938981825318e-01 4.7837030703998812e-01
4.9739136549866270e-01 6.3947251639872360e-01
3.6858460612961752e-01 1.3690027168559890e-01
8.2211773319424553e-01 1.8984791190275799e-01
5.1131898254645602e-01 2.2431702897473929e-01
9.7844484494034004e-02 8.6219151742168332e-01
9.7291948902313030e-01 9.6083465806300017e-01
9.0655549922117895e-01 7.7404733269863879e-01
3.3314515202864192e-01 8.1101389987996805e-02
4.0724117141380728e-01 2.3223414217094271e-01
1.3248763475798300e-01 5.3427181786825297e-02
7.2559436421057877e-01 1.1427458625031001e-02
7.7058074850277625e-01 1.4694664540037511e-01
7.9522082586755694e-02 8.9603034238605397e-02
6.7204780735391445e-01 2.4536720985284480e-01
4.2053946668009851e-01 5.5736879132391692e-01
8.6055117382879376e-01 7.2704426271132827e-01
2.7032790523871458e-01 1.3148279929112761e-01
5.5374320421197901e-02 3.0159863448094248e-01
2.6211814923967819e-01 4.5614056680047971e-01
6.8328133554768045e-01 6.9562544563885720e-01
2.8351884658216658e-01 3.7992695590012049e-01
1.8115096173690301e-01 7.8854551230651870e-01
5.6848076433240302e-02 6.9699724172498734e-01
7.7869539594110337e-01 7.7740756184875315e-01
2.5942256434535488e-01 3.7381313793256138e-01
5.8759963519638903e-01 2.7282190242446702e-01
3.7085279921788872e-01 1.9705428018563961e-01
4.5985588375600739e-01 4.4612301254114098e-02
7.9979588457061801e-01 7.6956446986632704e-02
5.1883514883152604e-01 3.0681009954519611e-01
5.7754294883137547e-01 9.5943334083342513e-01
6.4557024445600386e-01 3.5362435755490897e-02
4.3040243950806117e-01 5.1001685231825022e-01
5.3617749470345200e-01 6.8139251060383788e-01
2.7759609773176608e-01 1.2886056546632019e-01
3.9267567654709429e-01 9.5640572279594882e-01
1.8713089175084471e-01 9.0398395492823702e-01
5.4380595007732635e-01 4.5691142164576581e-01
8.8204141022988958e-01 4.5860396176858592e-01
7.2416763661154326e-01 3.9902532170310201e-01
9.0404439290095773e-01 6.9002502019122736e-01
6.9962205425051671e-01 3.2772040155711890e-01
7.5677864273688922e-01 6.3606105544714131e-01
2.4002027337970949e-01 1.6053882248525639e-01
7.9639147451733172e-01 9.5916660303522250e-01
4.5813882726004279e-01 5.9098416532368492e-01
8.5772264419355460e-01 4.5722345335385711e-01
9.5187447683273618e-01 5.7575116204487242e-01
8.2076712070131497e-01 9.0884371841273837e-01
8.1552381876856883e-01 1.5941446344895591e-01
6.2889843906170040e-01 3.9843425861967707e-01
6.2712952023345703e-02 4.2403225188984189e-01
2.5868406688940770e-01 8.4903830842851080e-01
3.3304626546696199e-02 9.5898272186347355e-01
3.5536884847192962e-01 3.5670689040254289e-01
1.6328502683707901e-02 1.8523232523618391e-01
4.0125950080360873e-01 9.2929141730271392e-01
9.9614930221271297e-02 9.4530153347907953e-01
8.6948853054663222e-01 4.5416239690755178e-01
3.2670088176826012e-01 2.3274412927905691e-01
6.1446470647687434e-01 3.3074591475505601e-02
1.5606064446828201e-02 4.2879572249823777e-01
6.8074073974720206e-02 2.5194098824609290e-01
2.2116091534608379e-01 2.5319119372285193e-01
1.3105523121525781e-01 1.2036222897654301e-02
1.1548429713874810e-01 6.1848025951274788e-01
9.7425621281805030e-01 9.9034500156089389e-01
4.0905409537306159e-01 1.6295442604660540e-01
6.3876175736652929e-01 4.9030534654873709e-01
9.8940977728443147e-01 6.5304207151780203e-02
7.8323443831381312e-01 2.8839849733149392e-01
2.4141862007657400e-01 6.6250457153267595e-01
2.4606318499096450e-01 6.6585911755918770e-01
5.1730851720228876e-01 4.2408898843584930e-01
5.5468780866141898e-01 2.8705151991962968e-01
7.0657470627297891e-01 4.1485686933356403e-01
3.6054556048589231e-01 8.2865691455573776e-01
9.2496691195319214e-01 4.6007310887296898e-02
2.3262699282976551e-01 3.4851936949256318e-01
8.1496647937024735e-01 9.8549142764329756e-01
9.6897170467035176e-01 9.0494834554992687e-01
2.9655626506402988e-01 9.9201124341447411e-01
2.4942004105645121e-01 1.0590615488223221e-01
9.5095261105539408e-01 2.3342025546809630e-01
6.8976826507775046e-01 5.8356358980588698e-02
7.3070909912747617e-01 8.8172021233383968e-01
2.7243689546596250e-01 3.7905689607742848e-01
3.7429618332091608e-01 7.4878825754013312e-01
2.3780724253903879e-01 1.7185309904764301e-01
4.4929164868773808e-01 3.0446840737731951e-01
8.3918912225865239e-01 2.3774182601563881e-01
5.0238945748926145e-01 9.4258359969793037e-01
6.3399769774466075e-01 8.6728940546246480e-01
9.4020968935476734e-01 7.5076486188635194e-01
6.9957506022475135e-01 9.6796556660422706e-01
9.9440078964767942e-01 4.5182168266975958e-01
7.0869778184208407e-02 2.9279403144051891e-01
1.5235470568773049e-01 4.1748637479601181e-01
1.3128932847325600e-01 6.0411780402088200e-01
3.8280805915785410e-01 8.9538588428820998e-01
9.6779467179850187e-01 5.4688490166942216e-01
2.7482356986759660e-01 5.9223041876183680e-01
8.9676115822440983e-01 4.0673334583574827e-01
5.5207827669197085e-01 2.7165276760614587e-01
4.5544414945002698e-01 4.0171353537959859e-01
2.4841346508297099e-01 5.0586638382530835e-01
3.1038082597981143e-01 3.7303486388074752e-01
5.2497044225426426e-01 7.5059502292898750e-01
3.3350746579127533e-01 9.2415876662076357e-01
8.6231854683590237e-01 4.8690295975528500e-02
2.5364252425682282e-01 4.4613551265920193e-01
1.0462788874247410e-01 3.4847598903349708e-01
7.4009752561768249e-01 6.8051448114282587e-01
6.2238442856600484e-01 7.1052840272234563e-01
2.0492368695970181e-01 3.4169811486473212e-01
6.7624248227746286e-01 8.7923476303132708e-01
5.0000000000000000e-01 0.0000000000000000e+00
1.0000000000000000e+00 5.0000000000000000e-01
5.0000000000000000e-01 1.0000000000000000e+00
0.0000000000000000e+00 5.0000000000000000e-01
7.5000000000000000e-01 0.0000000000000000e+00
2.5000000000000000e-01 0.0000000000000000e+00
1.0000000000000000e+00 2.5000000000000000e-01
7.5000000000000000e-01 1.0000000000000000e+00
0.0000000000000000e+00 7.5000000000000000e-01
6.2500000000000000e-01 0.0000000000000000e+00
1.2500000000000000e-01 0.0000000000000000e+00
1.0000000000000000e+00 1.2500000000000000e-01
8.7500000000000000e-01 1.0000000000000000e+00
0.0000000000000000e+00 8.7500000000000000e-01
5.6250000000000000e-01 0.0000000000000000e+00
1.0000000000000000e+00 6.2500000000000000e-02
9.3750000000000000e-01 1.0000000000000000e+00
0.0000000000000000e+00 9.3750000000000000e-01
5.3125000000000000e-01 0.0000000000000000e+00
1.0000000000000000e+00 7.5000000000000000e-01
2.5000000000000000e-01 1.0000000000000000e+00
0.0000000000000000e+00 2.5000000000000000e-01
8.7500000000000000e-01 0.0000000000000000e+00
3.7500000000000000e-01 0.0000000000000000e+00
1.0000000000000000e+00 3.7500000000000000e-01
6.2500000000000000e-01 1.0000000000000000e+00
0.0000000000000000e+00 6.2500000000000000e-01
6.8750000000000000e-01 0.0000000000000000e+00
1.8750000000000000e-01 0.0000000000000000e+00
1.0000000000000000e+00 1.8750000000000000e-01
8.1250000000000000e-01 1.0000000000000000e+00
0.0000000000000000e+00 8.1250000000000000e-01
5.9375000000000000e-01 0.0000000000000000e+00
1.0000000000000000e+00 9.3750000000000000e-02
9.6875000000000000e-01 1.0000000000000000e+00
0.0000000000000000e+00 9.0625000000000000e-01
1.0000000000000000e+00 6.2500000000000000e-01
1.0000000000000000e+00 8.7500000000000000e-01
3.7500000000000000e-01 1.0000000000000000e+00
0.0000000000000000e+00 3.7500000000000000e-01
1.0000000000000000e+00 3.1250000000000000e-01
6.8750000000000000e-01 1.0000000000000000e+00
1.5625000000000000e-01 0.0000000000000000e+00
1.2500000000000000e-01 1.0000000000000000e+00
0.0000000000000000e+00 1.2500000000000000e-01
9.3750000000000000e-01 0.0000000000000000e+00
4.3750000000000000e-01 0.0000000000000000e+00
1.0000000000000000e+00 4.3750000000000000e-01
5.6250000000000000e-01 1.0000000000000000e+00
0.0000000000000000e+00 6.8750000000000000e-01
7.1875000000000000e-01 0.0000000000000000e+00
2.1875000000000000e-01 0.0000000000000000e+00
1.0000000000000000e+00 2.1875000000000000e-01
0.0000000000000000e+00 7.8125000000000000e-01
0.0000000000000000e+00 4.3750000000000000e-01
9.8437500000000000e-01 1.0000000000000000e+00
1.0000000000000000e+00 8.1250000000000000e-01
1.0000000000000000e+00 5.6250000000000000e-01
1.0000000000000000e+00 9.3750000000000000e-01
3.1250000000000000e-01 1.0000000000000000e+00
0.0000000000000000e+00 3.1250000000000000e-01
0.0000000000000000e+00 1.8750000000000000e-01
1.8750000000000000e-01 1.0000000000000000e+00
1.4062500000000000e-01 0.0000000000000000e+00
6.2500000000000000e-02 1.0000000000000000e+00
0.0000000000000000e+00 6.2500000000000000e-02
1.0000000000000000e+00 4.6875000000000000e-01
7.3437500000000000e-01 0.0000000000000000e+00
0.0000000000000000e+00 4.0625000000000000e-01
1.0000000000000000e+00 8.4375000000000000e-01
1.0000000000000000e+00 9.0625000000000000e-01
1.0000000000000000e+00 9.6875000000000000e-01
2.8125000000000000e-01 1.0000000000000000e+00
0.0000000000000000e+00 3.4375000000000000e-01
1.0000000000000000e+00 4.5312500000000000e-01
2.9687500000000000e-01 1.0000000000000000e+00
0.0000000000000000e+00 3.5937500000000000e-01
6.3253291703696468e-01 8.7094597264428464e-01
6.2530420499967454e-01 8.7741875940267811e-01
2.7867141718218558e-01 5.7554866503292479e-01
6.4311558330653384e-01 8.7306360154708440e-01
6.3701239245752717e-01 8.7606197541448239e-01
2.2114865012335100e-01 2.7062045694241132e-01
2.2742689319605600e-01 2.3692721855083351e-01
2.5277757608305201e-01 6.5167004218039870e-01
2.3470422898448651e-01 6.7669364691146494e-01
1.0000000000000000e+00 4.6093750000000000e-01
6.1429842518948130e-01 8.6512766810563446e-01
2.6155518793020921e-01 5.8195074098014188e-01
2.8102592931851339e-01 1.4975116715370321e-01
2.6755570030890607e-01 1.1241497827493230e-01
6.4814118390326125e-01 8.9100392325000710e-01
2.0859479209986101e-01 9.5008266873806457e-01
1.6323415808642741e-01 9.4708137821781357e-01
2.9395577680388280e-01 6.0792552539326561e-01
7.2850261765273194e-01 3.7785591176981681e-01
7.1628675897580640e-01 4.0795854928043568e-01
9.8629985383840613e-01 4.6484375000000000e-01
2.3000590177991939e-01 1.2624369355423409e-01
2.6024291919197862e-01 7.9956403593495901e-02
1.0000000000000000e+00 2.3437500000000000e-01
1.0000000000000000e+00 3.1250000000000000e-02
1.0000000000000000e+00 2.0312500000000000e-01
6.5411150983246247e-01 8.4561420666008191e-01
1.0000000000000000e+00 4.6875000000000000e-02
3.8443599709447898e-02 4.1933422850446028e-01
2.7563405265821839e-01 4.0934513823710422e-01
2.8032168938991070e-01 3.4963871374044481e-01
8.8345093230298405e-02 4.4184191251221988e-01
2.3092813296178369e-01 4.7397017722054441e-01
3.4966358221215998e-01 8.9521806139921556e-01
3.3380051060208860e-01 9.4311719291460860e-01
8.6886130710846199e-01 4.7589451312164449e-01
8.5535953332803483e-01 4.2399728788190327e-01
9.5312500000000000e-01 1.0000000000000000e+00
3.0946011262996370e-01 5.7273974028739116e-01
2.6476034547544741e-01 1.7125145812713111e-01
7.4429205208984883e-01 4.2472190756940731e-01
2.0843469374843890e-01 1.6023436801929891e-01
2.7686957469406209e-01 4.3505160408778931e-01
7.2326706683880793e-01 4.2807192621971751e-01
3.3207200956978322e-01 3.6265886787438611e-01
3.0081388698821943e-01 3.9154107597604582e-01
5.2932099966113555e-01 2.8342979039432009e-01
8.8463447185146149e-01 4.3131593655280681e-01
7.8125000000000000e-01 1.0000000000000000e+00
6.2500000000000000e-02 0.0000000000000000e+00
8.4375000000000000e-01 1.0000000000000000e+00
9.5861980301195249e-01 4.2957735889409748e-01
2.5809337933127990e-01 3.9588382801698968e-01
9.3750000000000000e-02 0.0000000000000000e+00
9.5402562368042299e-01 4.6167927972000999e-01
1.0937500000000000e-01 0.0000000000000000e+00
7.9337575988302697e-02 3.2573447462459271e-01
4.9779885023758200e-02 2.7371509909904013e-01
2.7057016243665222e-01 9.6088009288602283e-01
3.6975978914741331e-01 9.1824059427264393e-01
6.8882606366309218e-01 5.0220620114026815e-01
5.2927445685953389e-01 5.4258361719331871e-01
5.5855081608783097e-01 6.3180242811702114e-01
7.0317146010702880e-01 8.8714664722683501e-01
7.6770045055149727e-01 8.5073996237250316e-01
0.0000000000000000e+00 1.5625000000000000e-01
0.0000000000000000e+00 4.6875000000000000e-01
0.0000000000000000e+00 2.1875000000000000e-01
1.7420280751216841e-01 2.6187278455364998e-01
2.5898210003901972e-01 2.4566406032826490e-01
2.1791140514346291e-01 6.2648788252908361e-01
2.8211371026945808e-01 6.7423534142867481e-01
5.8669084985189002e-01 9.0092123125458201e-01
2.5695421623961889e-01 5.4356831184559151e-01
9.7531493689245663e-01 2.4218750000000000e-01
9.7421653890324211e-01 1.9531250000000000e-01
9.6507415967429810e-01 3.9062500000000000e-02
9.4531250000000000e-01 9.7146667710305501e-01
1.0156250000000000e-01 3.5092554312461902e-02
1.9315816245324499e-01 2.3306362286095331e-01
2.4928712436218731e-01 2.7212226524253702e-01
2.1089786931386290e-01 6.5674508397326059e-01
2.4836535517021019e-01 6.1267822220317503e-01
2.5921555019559223e-01 6.9101974824264534e-01
3.4285811964273299e-02 3.3134297724842898e-01
3.4799959373021327e-01 1.7793028025134369e-01
8.4696384765860500e-02 5.6872250800552060e-01
7.0659962465310611e-01 2.7384575532531391e-01
6.7252178353319814e-01 3.8401229790495811e-01
6.2530018204644755e-01 2.3323216309661879e-01
9.0890991206192728e-01 7.2826459261504950e-01
9.2074031767364417e-01 8.7147098729808170e-01
3.1375770220354321e-01 1.3365038818372130e-01
3.0914017071648401e-02 3.8702842607458121e-01
3.0484952789946540e-01 9.5969637756712456e-01
8.1299477578933543e-01 4.9656496906772879e-01
7.5631271540947398e-01 3.9457929879006193e-01
7.3871289792063510e-01 4.5735894400824328e-01
3.3033088773355052e-01 4.3485069280751992e-01
9.1639645182011975e-01 4.9846053539776480e-01
2.9923949356358959e-01 1.0435905328060480e-01
3.7019101494686008e-01 2.3414792805440029e-01
4.5706454702402438e-01 1.9915038518527711e-01
0.0000000000000000e+00 7.1875000000000000e-01
2.1907243748089750e-01 9.1715796808006544e-01
2.1875000000000000e-01 1.0000000000000000e+00
3.2790084880384102e-01 2.9776291832563301e-01
4.8500763959110788e-01 2.7759721902978379e-01
2.2555727420052341e-01 3.8284900449955900e-01
3.0373023327286919e-01 4.6954393371099812e-01
4.3750000000000000e-01 1.0000000000000000e+00
6.2385434587262056e-01 1.1801244282996930e-01
7.4419735184973745e-01 7.1115293980269501e-02
8.6277105944004040e-01 1.6510862540196991e-01
9.5108985939848223e-01 9.5764755164711196e-02
4.6846399062428302e-02 8.9062500000000000e-01
1.8076824763185709e-01 9.0476288243167793e-02
2.1906334338264080e-01 6.0081634817981899e-02
1.0120604076891369e-01 3.9598202905618890e-01
7.2565071270444814e-01 9.2863644092796638e-01
6.7802971349437247e-01 9.2293555046373577e-01
1.7913250188853189e-01 7.1883285078969694e-01
3.0552940603868622e-01 1.8519158146387460e-01
2.9250454288323691e-01 2.7295290515625292e-01
4.3711186358776782e-01 9.5555741117525872e-01
2.2494072267718099e-01 7.2153051130524204e-01
5.9684350084788129e-01 3.3937799032491373e-01
7.2457785171724198e-01 7.8509863661837564e-01
8.1419990417392696e-01 7.4341125846495970e-01
1.9348803175464740e-01 5.1523542979895165e-01
8.5937500000000000e-01 9.4758509657609091e-01
2.7600328756714099e-01 9.0375018670281215e-01
5.6847187381244398e-02 1.4331343053338250e-01
1.2854696641129310e-01 2.9644299192669360e-01
1.2559809166401009e-01 2.0925215310065690e-01
8.0657037428167933e-01 4.4416438705841887e-01
7.6670100546008491e-01 3.4581908256233551e-01
3.9163379398072062e-01 2.8967659711439858e-01
4.5977136947610758e-01 8.7547575354316520e-01
4.8442490397609339e-01 4.7774266969342982e-01
3.7283473213965618e-01 6.2167408493849985e-01
8.7590916857368162e-01 5.6383294444716547e-01
1.7207603869161500e-01 5.6645570159377145e-01
4.2197563463117049e-01 9.8426238707808006e-02
8.1250000000000000e-01 0.0000000000000000e+00
7.3018101303714589e-01 5.6538778755718999e-01
5.9287926181311368e-01 5.3500255381037609e-01
8.4351470365913606e-01 8.0956453661952155e-01
8.1562094330393631e-01 6.7361882840642806e-01
8.4655902713109843e-01 3.4461655477259739e-01
6.2071363023485282e-01 5.9936048377809625e-01
6.5139458663086236e-01 5.4841703201482161e-01
7.4024653149686270e-01 2.2408794184809819e-01
8.9655583170089537e-01 2.7398487384340697e-01
1.0000000000000000e+00 6.8750000000000000e-01
6.4739067635475406e-02 8.0620182898672021e-01
2.8054905301531891e-01 7.4263648133095406e-01
5.7636564501623098e-02 6.1986991699604876e-01
4.6188021442967858e-01 1.4282426816806121e-01
5.0018197796796948e-01 1.7726188805757739e-01
3.0368063013375918e-01 5.2130366507419401e-01
3.6164810196485081e-01 5.4083303493124824e-01
6.7084130793848162e-01 1.5685879115687090e-01
6.2970159174246343e-01 9.4645759608262292e-01
6.4872473549434095e-01 3.3788651877370218e-01
7.1618229066942862e-01 7.3470678623306129e-01
8.7279102075447557e-01 8.9560719675963152e-01
1.5442198750291819e-01 3.3985168058551751e-01
1.2542389545171631e-01 1.4062290668151101e-01
4.3201335374730698e-01 6.5226552582071440e-01
8.5392007809783432e-01 5.2134362654744049e-01
8.0315116430629130e-01 5.7455213796265459e-01
3.2540512239939767e-01 7.7645705719563374e-01
4.8107409970563803e-01 9.3301800556105999e-02
6.1865162568362309e-01 1.7214537418610060e-01
6.7314540195637518e-01 1.0623192005635571e-01
9.1774816957368033e-01 9.2522319082874327e-01
4.8252984493329509e-01 3.5118268662697438e-01
4.3025137011511949e-01 4.5293521290930389e-01
3.9216756368247668e-01 4.0532106489914133e-01
4.1360504606206439e-01 3.5085930476642208e-01
5.7033396362447475e-01 7.2243272882147147e-01
5.7324998094124957e-01 7.7774650220123198e-01
6.2068932941729493e-01 7.9311710946922342e-01
6.6140917523691745e-01 7.3812162873881548e-01
1.3263221049874491e-01 9.0302431957585305e-01
1.5793902608865901e-01 8.4622884508924456e-01
1.2314879167737661e-01 7.9871721618604785e-01
2.0871546238246211e-01 8.3314948558216917e-01
8.7182398727177507e-02 7.4969271070231369e-01
1.2018664582025761e-01 6.9561494455694006e-01
1.3838366517371611e-01 7.4983482149473502e-01
3.1250000000000000e-01 0.0000000000000000e+00
0.0000000000000000e+00 5.6250000000000000e-01
5.7123051529719449e-01 1.2968988128952391e-01
5.6885812721098050e-01 3.9279569615545029e-01
5.3348195659735020e-01 3.5583265463770603e-01
6.9757643849420969e-01 8.2494175403162218e-01
1.1368466983047580e-01 2.5330036228457059e-01
7.1663525622061602e-02 1.9667607083848629e-01
1.7027283760108550e-01 1.9024642292273550e-01
4.1177315600129832e-01 8.4864422820010821e-01
4.6977288356876851e-01 8.0123717010346041e-01
5.2826535352548465e-01 8.1924306212258657e-01
4.0488766529952308e-01 4.6158680572788102e-02
5.5683327338757482e-01 5.0318957674063147e-01
7.9897415996297749e-01 8.1793847011180210e-01
8.9407937858582409e-01 8.2560832475828960e-01
7.8035100261463142e-01 7.0435730502229510e-01
8.1190044663083349e-01 3.8849979753711272e-01
6.4098221416630874e-01 6.5465237218345851e-01
5.9247279925261909e-01 6.6953955194238668e-01
6.8332833266024118e-01 6.0776845954026149e-01
8.9353618132147727e-01 2.1524197953102811e-01
9.1367596374500948e-01 3.3911441974317402e-01
8.4568306962786688e-01 2.9098548674046582e-01
4.7295683693288332e-01 7.0666291744444631e-01
3.7749948359094387e-01 6.8518594113929310e-01
7.7137339827690310e-01 5.3248851794783858e-01
8.4692129214598244e-01 6.1936082624245625e-01
3.4375000000000000e-01 3.5223414539050098e-02
9.6236989359209435e-01 3.4375000000000000e-01
4.7740501816632719e-01 7.5415339278887161e-01
4.1998963681476748e-01 7.1920776194444036e-01
4.2279654102737801e-01 7.7362557410833743e-01
8.6299288839717292e-01 6.6478947803636934e-01
9.3965640275924556e-01 3.8575317655680852e-01
4.7537717551944048e-01 5.3984456530172820e-01
1.0340851621798761e-01 5.1991579234954333e-01
2.2950303168679950e-01 7.7232599188735718e-01
3.2776308150390909e-01 6.4711300266948679e-01
9.1784693651705607e-01 5.4458262594655826e-01
9.5139144215624782e-01 6.6479263791655441e-01
6.2877617352053894e-01 2.9538287551449049e-01
1.7060441607232871e-01 1.3487269473122021e-01
7.2391155804468499e-01 1.1950927398969510e-01
4.4627421391479301e-02 5.3458799828234804e-01
5.0512531944832495e-01 8.6088818942373424e-01
6.0030048065973218e-01 4.4796955630469659e-01
9.2555475081665761e-01 1.5415724497211791e-01
5.7445186186810504e-01 7.3150357851603398e-02
1.2339364195665600e-02 3.3624815731624298e-02
0.0000000000000000e+00 3.1250000000000000e-02
3.1250000000000000e-02 0.0000000000000000e+00
9.6875000000000000e-01 0.0000000000000000e+00
1.0000000000000000e+00 1.5625000000000000e-02
9.8253707983714911e-01 1.9531250000000000e-02
9.9218750000000000e-01 1.0000000000000000e+00
1.0000000000000000e+00 9.8437500000000000e-01
1.6652313273348100e-02 9.7949136093173683e-01
0.0000000000000000e+00 9.6875000000000000e-01
3.1250000000000000e-02 1.0000000000000000e+00
7.1848978409692554e-01 4.7200074564781802e-01
6.8841077332156542e-01 4.5361976361705708e-01
7.0200173970877122e-01 4.3419977600581650e-01
7.1034791999168578e-01 4.4080730444889321e-01
6.9312741840382786e-01 4.7787444190916850e-01
7.1807083553259932e-01 4.5545081334315612e-01
7.2638234929891210e-01 8.7405126913123443e-01
6.9914904087390539e-01 8.7280854447997813e-01
7.1261352978868842e-01 8.7676448657773209e-01
7.4487802501092260e-01 8.5856114415056617e-01
7.0981601898227886e-01 8.4566203998012568e-01
9.7650832237366636e-01 8.6615429385460097e-01
9.5844960485469222e-01 8.2750296487250141e-01
9.8776075250144291e-01 8.6540167119630551e-01
9.8776075250144291e-01 8.3415167119630551e-01
9.8776075250144291e-01 8.4977667119630551e-01
9.4813091133826499e-01 8.6363716484534636e-01
5.8570420925009997e-03 3.6748903223918189e-01
5.8570420925009997e-03 3.5186403223918189e-01
5.8570420925009997e-03 3.5967653223918189e-01
2.2999948074637701e-02 3.4566052086339649e-01
2.1314050628325198e-02 3.7350324527647261e-01
7.6184413289073927e-01 1.9777718266091029e-01
7.0873941940593665e-01 1.9356867718749940e-01
7.5028565546341719e-01 1.5928816133090781e-01
7.3511854696046042e-01 1.9785880955476931e-01
7.0041593518126977e-01 1.6424423420915571e-01
7.2695106023437150e-01 1.4556947562556780e-01
5.1961866006739621e-01 4.0000353196892602e-02
5.1920785667912173e-01 9.3203047342203499e-02
4.9044624498006828e-01 4.9475144796683801e-02
5.4176830310206459e-01 2.7168994169626801e-02
5.0105535295488357e-01 7.3819894447679807e-02
5.4774423403611716e-01 6.3744173095428500e-02
1.6624207982719161e-01 3.5974488123719603e-02
1.9374826244820001e-01 9.2608972303069997e-03
1.7812326244820001e-01 9.2608972303069997e-03
2.0937326244820001e-01 9.2608972303069997e-03
1.9038238626412859e-01 5.4499041351890903e-02
2.0952993413952040e-01 3.9301714639297901e-02
8.0790771827583308e-01 2.0688629998156899e-01
7.8213922593009844e-01 1.8543566673037759e-01
7.8846607083561682e-01 2.5616159269593702e-01
8.1644341280803645e-01 2.3083325703800939e-01
7.6697211742714166e-01 2.2400631495423909e-01
3.5048220927342921e-01 9.3425661935920190e-01
3.3942957324408901e-01 9.2612003004317722e-01
3.4750763145453128e-01 9.1164967743240322e-01
3.3957609564949559e-01 9.3559924319009968e-01
3.5755573492215798e-01 9.2316094386911740e-01
7.1500438306705583e-01 2.1633194078169399e-02
6.7499232318976832e-01 3.3600682643399299e-02
6.9709133350064167e-01 4.5097644255948199e-02
6.9595720096176639e-01 1.5919464765653899e-02
7.1158220096176639e-01 1.5919464765653899e-02
7.2430587688663506e-01 5.1477111755788597e-02
1.4008922681833039e-01 6.1997933050625575e-01
1.4799174248558430e-01 6.1279810276032276e-01
1.9130278082068780e-01 6.2398314201442351e-01
1.8779601290588779e-01 6.3911174273651206e-01
1.6838509759476389e-01 5.9396705154676743e-01
1.4244040115908521e-01 6.5854667302835179e-01
5.7132495023133822e-01 2.1058632879429359e-01
5.4427378557531181e-01 2.3110492517462389e-01
5.8241411190027836e-01 2.5535736189948782e-01
5.6465343264806922e-01 2.5477279449032719e-01
6.0126438532530757e-01 2.3556249223556369e-01
5.9794010714389534e-01 2.0501909778030461e-01
9.1912919541287574e-01 6.5199548807856167e-01
9.4304423737876497e-01 5.9485855900538420e-01
9.6710699896239682e-01 6.1948297798294805e-01
9.0506158324923769e-01 5.8889945020653078e-01
8.9056764503538810e-01 6.1666339110417612e-01
8.9860344316098328e-01 6.3937771700113266e-01
9.2603046722092497e-01 5.7927429095622718e-01
9.4280272004052079e-01 6.3937929694122519e-01
5.4391263647368238e-01 5.8719302265516993e-01
5.1651208426181050e-01 6.1469124637664729e-01
4.9688581514250052e-01 5.9044707083912795e-01
5.3245362994224610e-01 5.6624679677394485e-01
5.4709180955639458e-01 6.1085620223579606e-01
5.0550498927219945e-01 5.6487727082814954e-01
7.1487204188364317e-01 3.1983269851836038e-01
7.5667823391529132e-01 3.0017174640554789e-01
7.2931232358475073e-01 3.4490045362470928e-01
7.1836082708493787e-01 2.9289537540245791e-01
7.4841151748842727e-01 3.2888203902096869e-01
3.8798645075428639e-01 1.9472371326737839e-01
4.0273111681494961e-01 2.2103894557303241e-01
3.8453693071699030e-01 2.0344901458038081e-01
4.0363757879457668e-01 1.8639908751086379e-01
3.8420603858147601e-01 2.2199583851476121e-01
4.2764280462005821e-01 2.0449706708019960e-01
1.8591447509314421e-01 9.4858202347793907e-01
1.8666194881559051e-01 9.2417817245608536e-01
1.9739389899009860e-01 9.4722752936099908e-01
1.7471358198338180e-01 9.4572688410087358e-01
2.0263272168061680e-01 9.3076517903199951e-01
7.1418842935618987e-01 4.9633250487891761e-01
7.7627278541931144e-01 4.9351188884264802e-01
7.3913184648496133e-01 4.7390887631290518e-01
7.7306058466548344e-01 4.6731159783799298e-01
7.3486590404321672e-01 5.2792329808737848e-01
7.5546209666309538e-01 5.1147366328270283e-01
2.2428777165970351e-01 2.5377383774662238e-01
2.2428163904833709e-01 2.6248846935640208e-01
2.2742076058468960e-01 2.4564185016061321e-01
2.4319836400617151e-01 2.5001027104932888e-01
2.3835087616775530e-01 2.6323937350646492e-01
6.0992213222428399e-02 4.6002211074637178e-01
6.0371056173610702e-02 4.2922443872398131e-01
3.6817612385351903e-02 4.3160617402817919e-01
4.8236380016661799e-02 4.2687542703129061e-01
7.3187126777086997e-02 4.3812926903517041e-01
2.9014580161937802e-02 4.5158331277906039e-01
3.4304603265750933e-01 7.2256587317779630e-01
2.9695479613178027e-01 6.8528941512206720e-01
2.8550571609484737e-01 6.9368161852905241e-01
2.9617246750471071e-01 7.1948998507320683e-01
3.1860050219675018e-01 7.3640027300554656e-01
3.4464768279252322e-01 6.9076471497737635e-01
3.1977948174900578e-01 6.7172824574247314e-01
3.6249267861235018e-01 1.6387226925389989e-01
3.7316822271104921e-01 1.5825197462261689e-01
3.7430231925518481e-01 1.8832897887263719e-01
3.9340296733277119e-01 1.7127905180312011e-01
3.6287571651134709e-01 1.7876697890548929e-01
5.2100405489043398e-02 7.8426332850926997e-02
1.2339364195665600e-02 9.6124815731624305e-02
1.2339364195665600e-02 6.4874815731624305e-02
4.3589364195665600e-02 3.3624815731624298e-02
6.3120614195665600e-02 5.1171092887855298e-02
4.0762957886287803e-02 1.0528153099831560e-01
6.5414560628013385e-01 4.2606555158786119e-01
6.5907726543254830e-01 4.7200109555239123e-01
6.9298373988577311e-01 4.3427685694480472e-01
6.8410941858082974e-01 4.7795152284815667e-01
6.7595727851588272e-01 4.1885457123050168e-01
6.3984662707914974e-01 4.5083320043037101e-01
5.6244816233116390e-01 8.6385987413826626e-01
5.5706107997004883e-01 9.2805231693688361e-01
5.1948433429899188e-01 9.1962744636913629e-01
5.6163503048030616e-01 8.9879626214746211e-01
5.3242228231710342e-01 8.5795717758146428e-01
5.2085226527852357e-01 8.7877974123203817e-01
9.7064577922604922e-01 2.2515861993328509e-01
9.9516947369835218e-01 2.1782349219923700e-01
9.9516947369835218e-01 2.2563599219923700e-01
9.9516947369835218e-01 2.1001099219923700e-01
9.8282694214458055e-01 2.2954224219923700e-01
9.8227774314997318e-01 2.0610474219923700e-01
6.6756300522700762e-01 2.5434479329499771e-01
6.8135012867530875e-01 2.9552138914713483e-01
6.8483891387660345e-01 2.6858406603123219e-01
6.4418919257327412e-01 2.4827726991688470e-01
6.5590146929722093e-01 3.0060444775542638e-01
6.4592718831031992e-01 2.7935262612582062e-01
3.8749537949484499e-02 7.2768794778056445e-01
1.0325499732864301e-02 7.5418932691807072e-01
1.0325499732864301e-02 7.6981432691807072e-01
1.0325499732864301e-02 7.3856432691807072e-01
4.2695033550602002e-02 7.8229024141143078e-01
5.3916699096453101e-02 7.5403568226922757e-01
3.3769299964719868e-01 3.7008539228722048e-01
3.1519898840113958e-01 3.7824937902632277e-01
3.2604458019612548e-01 3.7306138102314212e-01
3.1041551890534358e-01 3.8750248507397189e-01
3.2517401927800921e-01 4.0915729348970897e-01
3.5609235725247218e-01 3.9439247953551970e-01
6.0130776937154351e-01 8.4808806167091244e-01
6.2121431169303409e-01 8.3833133094813617e-01
5.8750398170274787e-01 8.6598484324538627e-01
5.8078354724742765e-01 8.0439747871871115e-01
6.0450322148545033e-01 8.1208278235270692e-01
5.5829123353954513e-01 8.2514575867938844e-01
6.2971489022896998e-01 8.7346931103617109e-01
6.3148977066790479e-01 8.6997003045493004e-01
6.3075738031405670e-01 8.7179831404583996e-01
6.2714302429541169e-01 8.7503470742503664e-01
6.2164013439031507e-01 8.6888916177651487e-01
2.8328115966171630e-01 8.2349519461274090e-01
2.6611305085252179e-01 8.2354257117053731e-01
2.7704554391547742e-01 7.7034165762175888e-01
2.9947357860751678e-01 7.8725194555409872e-01
2.4112874859904901e-01 8.1559815974736649e-01
2.5152253325121771e-01 7.8518641289996038e-01
1.8656797215297610e-01 9.7639582848597228e-01
1.9711536820290659e-01 9.5143716285500457e-01
1.7443505119618979e-01 9.4993651759487907e-01
6.7976804187086493e-01 2.3043744348320161e-01
6.9704395052046064e-01 2.4467671621943621e-01
6.5639422921713142e-01 2.2436992010508860e-01
7.1386740394233894e-01 2.1979780948082830e-01
6.7916479216314851e-01 1.8618323413521459e-01
6.5306995103571919e-01 1.9382652564982950e-01
9.2570749169494104e-01 7.1044041348069253e-01
9.4379013992184579e-01 7.4081033432825483e-01
9.7368529524446212e-01 7.4042790338507891e-01
9.2814025127542576e-01 7.2956019969260366e-01
9.7368529524446212e-01 7.0917790338507891e-01
9.4938101632258598e-01 6.9782422234335617e-01
2.9032126218164289e-01 2.2302805332326950e-01
2.4587444256703231e-01 1.9258253820756249e-01
2.4068426789554090e-01 2.2511959795915781e-01
2.5935099403523659e-01 1.9228171774730651e-01
2.5646187131702269e-01 2.2948801884787351e-01
2.7973552431685600e-01 1.9925177941567829e-01
4.8902829884333532e-01 3.5137509654322899e-02
5.0910035696533162e-01 1.2831359027265800e-02
5.4035035696533162e-01 1.2831359027265800e-02
5.2472535696533162e-01 1.2831359027265800e-02
1.7615891739224329e-01 4.5637087470023052e-01
1.7991239056441991e-01 4.2108592177375898e-01
2.3055629984896611e-01 4.3541049070535409e-01
2.1919910420144659e-01 4.4932782298602542e-01
2.3278172738619471e-01 4.1028464838424811e-01
2.1651367482081640e-01 4.0376723662553271e-01
4.0228620992114328e-01 4.8679613834153052e-01
3.5225043403388800e-01 4.4921305858616528e-01
3.3895010680354742e-01 4.6655967903790441e-01
3.3892530523399228e-01 4.9243954471950241e-01
3.6790904114953821e-01 5.0220422964802947e-01
4.0221067522467252e-01 4.5825531863705732e-01
3.8316877200835109e-01 4.3444824463197601e-01
2.7967940602434049e-01 5.8659725632224768e-01
2.7622613808116431e-01 5.8950738261000279e-01
2.7815006173845869e-01 5.8116650574554685e-01
2.6959194711247059e-01 5.8436754371915534e-01
8.8378767283458237e-01 1.0047714570202580e-01
8.3182574524692465e-01 9.7244151474332893e-02
8.3968971234590017e-01 1.3847315970549451e-01
8.6308707637956683e-01 8.3111075968780798e-02
8.6331333268163590e-01 1.4132024068200150e-01
8.9470517836994445e-01 1.3584455046707550e-01
5.4140020950631151e-01 1.5767397127961599e-01
4.8962966079189640e-01 1.3744618725660721e-01
5.0878054256104188e-01 1.5466499720136540e-01
4.9922660342987613e-01 1.1268495345062970e-01
5.4430481122565433e-01 1.3087899381733861e-01
5.4591548451110961e-01 1.0260923209837830e-01
7.2051365890206842e-01 3.9754251225519788e-01
7.1171719373278630e-01 4.0545828607042889e-01
7.2268114942266282e-01 3.8695780728855522e-01
7.1657322008420010e-01 4.0200912604386468e-01
6.9469073236289591e-01 3.9003600035612579e-01
5.3837014720248244e-01 2.0379843259440891e-01
5.3280164491323923e-01 1.8027086213582799e-01
5.9203646877106597e-01 1.7771260520008961e-01
5.6832591357785178e-01 1.5648485875180121e-01
1.4860123251555379e-01 4.5277132772248319e-01
1.1659642628683781e-01 4.6494909658058731e-01
1.8788794615258050e-01 4.8101322893474951e-01
1.6916789554901229e-01 5.0164585522395311e-01
1.5846189901749611e-01 5.2725599112136301e-01
1.2412813778068239e-01 5.0398603649924900e-01
3.4688584484340063e-01 9.5100104989715573e-01
3.7414420719852493e-01 9.4841883402438087e-01
3.4470662422602211e-01 9.4177456908371082e-01
3.6268626349868438e-01 9.2933626976272854e-01
7.7201032487403431e-01 7.6303559084965022e-01
7.4495155276210356e-01 7.6688112823446142e-01
7.8976257899044611e-01 7.4603743915775356e-01
7.4075377223819694e-01 7.4168520304180430e-01
7.7283812821079834e-01 7.2651046243642114e-01
9.1434332584956279e-01 6.4714873164657696e-02
8.8301914329091791e-01 6.6056365708773504e-02
9.2740479957220789e-01 8.9593595303364901e-02
9.1463724528129553e-01 1.1878984020706820e-01
5.4073346339097017e-01 5.6352984307454379e-01
5.5537164300511876e-01 6.0813924853639501e-01
5.7253586586776017e-01 5.5973931138307242e-01
5.8645305007862969e-01 5.9191827636693262e-01
9.5644449480131155e-01 2.6278389113032258e-01
9.8096818927361451e-01 2.7107376339627443e-01
9.8096818927361451e-01 3.0232376339627443e-01
9.6862565771984288e-01 2.6716751339627443e-01
9.2924610512406214e-01 2.8306620031797791e-01
9.3780617114611919e-01 3.1563097326786149e-01
9.6215313606966169e-01 3.1794876339627443e-01
2.4512441048594899e-01 1.0310004857386500e-01
2.3541734084768309e-01 1.1326881790986600e-01
2.5053584955371272e-01 9.0125172929496900e-02
2.1079851377365191e-01 9.5385115254332797e-02
2.2994606164904380e-01 8.0187788541739802e-02
2.4867128069085202e-02 9.4425601932783199e-01
8.2148147957371003e-03 9.3351465839609526e-01
8.2148147957371003e-03 9.1788965839609526e-01
3.1638014326951298e-02 9.1007715839609526e-01
6.6201402821168620e-01 8.1538355934160989e-01
6.9724719915407607e-01 7.8512577432075670e-01
6.9304941863016933e-01 7.5992984912809947e-01
6.4530293800410243e-01 7.8913501074618053e-01
6.6566286091391369e-01 7.6163727038097662e-01
6.8374649254255981e-01 8.0504733302737996e-01
2.7827683781077278e-01 5.8932029247408169e-01
2.8020076146806733e-01 5.8097941560962574e-01
2.8784294127891602e-01 5.9716784578979620e-01
2.9559510919195642e-01 5.7957495323685893e-01
3.1977633060490500e-02 4.9281379796731151e-01
7.6150179675639806e-02 4.6373475422342142e-01
3.1977633060490500e-02 4.7718879796731151e-01
8.3681891169484296e-02 5.0277169414208311e-01
5.4291343756230202e-02 5.1010779710848553e-01
9.7323342220739928e-01 8.9072679543325883e-01
9.8874756987222345e-01 8.7575262265829545e-01
9.8874756987222345e-01 8.9137762265829545e-01
9.4911772870904554e-01 8.7398811630733619e-01
3.6541731419196988e-01 9.5898793866872367e-01
3.5657947591842282e-01 9.8078507727074926e-01
3.2532947591842282e-01 9.8078507727074926e-01
3.3597973121946711e-01 9.5234367372805351e-01
3.2150423986815552e-01 9.6063326605431154e-01
2.4085081323560231e-01 9.7465941120784072e-01
2.2014820928553269e-01 9.4970074557687301e-01
2.5113589445392842e-01 9.5509945765085213e-01
2.2538703197605101e-01 9.3323839524787344e-01
2.2522581323560231e-01 9.7465941120784072e-01
2.5385245701917281e-01 9.2653450455924680e-01
9.2396660196383884e-01 7.8662496002551530e-01
9.4079369703063298e-01 7.7498372461937182e-01
9.7068885235324931e-01 7.7460129367619590e-01
9.7068885235324931e-01 8.0585129367619590e-01
9.3105901119007139e-01 8.3533678732523664e-01
9.1772854164616136e-01 8.1240545605534065e-01
6.3149042695187796e-01 8.7261696963461577e-01
6.2787607093323283e-01 8.7585336301381256e-01
6.3373016466215915e-01 8.7517497101971475e-01
2.7585217569860221e-01 8.4899093187071450e-01
3.2678292249684449e-01 8.3880023493432798e-01
3.2134193335997840e-01 8.7208080835606694e-01
2.8451178603746891e-01 8.7634687100786524e-01
3.0921270345359719e-01 8.1270030625427592e-01
6.3172346818676384e-01 2.4299646757195200e-02
6.1617069919719913e-01 2.3155724617202500e-02
6.2143834595876191e-01 6.6184288794496997e-03
6.0581334595876191e-01 6.6184288794496997e-03
3.5790906203091849e-01 1.4252056631688201e-01
3.4018933498043080e-01 1.1462112546808090e-01
3.4761655583121648e-01 1.6303557059975429e-01
3.3049561006788142e-01 1.4089562456594321e-01
3.2638146198545293e-01 1.6666622120601979e-01
9.7481203080837753e-01 5.1262760435470511e-01
9.9091469490912654e-01 4.8918515351999398e-01
9.9091469490912654e-01 4.7356015351999398e-01
9.8406462182832966e-01 4.7160702851999398e-01
9.6792750674933803e-01 4.7002479337999908e-01
9.4911292081918641e-01 4.8841542121887649e-01
5.1678443010105735e-01 6.6043251350128074e-01
4.7776509637935272e-01 6.1522834086120426e-01
5.2797109079324689e-01 6.3563747225787237e-01
4.6470235962298490e-01 6.4586902110971900e-01
4.8517410121577298e-01 6.7306771692158496e-01
3.5086487907912972e-01 1.0900083083679780e-01
3.8881935075133961e-01 1.4992734886610221e-01
3.9528012038039401e-01 1.1766325519670340e-01
7.9634924084851089e-01 1.6839727865156659e-01
8.1882077598140723e-01 1.7463118767585689e-01
8.3065342772644901e-01 2.1379486895919839e-01
8.4244439631714296e-01 1.7747826865236391e-01
8.5782695725786140e-01 2.0254494571689310e-01
5.3169862961921344e-01 2.4798489829044260e-01
5.2031999110379579e-01 2.5387340968452971e-01
4.8419176478524018e-01 2.1173370708000819e-01
4.9816331106878198e-01 2.5095712400226161e-01
5.0575048025721281e-01 2.0078945851615840e-01
9.8729707357652699e-02 9.0374652545038137e-01
7.2345441778231198e-02 8.7640825871084171e-01
8.1291776064754698e-02 8.3419667320420177e-01
1.1523834749638941e-01 8.8260791849876818e-01
1.2789175529134650e-01 8.5421018125546389e-01
1.1049663808570530e-01 8.3045436680386553e-01
9.7358785092059030e-01 9.7558982981194697e-01
9.7094559684674109e-01 9.3289150180646352e-01
9.8645974451156515e-01 9.4916732903150014e-01
9.8645974451156515e-01 9.6479232903150014e-01
9.5911599451156515e-01 9.6615066758302759e-01
9.4533382929840526e-01 9.4302892444587172e-01
8.8355333652498635e-01 7.5054579770498353e-01
9.2338259428797320e-01 7.6240609729249531e-01
9.0773270564155317e-01 7.5115596265684415e-01
8.7503510144015750e-01 7.9180593465908022e-01
9.0031743890350158e-01 7.9982782872846414e-01
2.9669403561031032e-01 8.0528896790746402e-02
3.2345142711609248e-01 1.0737588908585910e-01
3.1619232279611581e-01 9.2730221634300794e-02
3.7756039332990621e-01 8.9763814347902399e-02
3.6901640866408247e-01 6.3630035280392502e-02
3.3844757601432102e-01 5.8162402263523497e-02
4.2826641005077271e-01 2.6835127477413112e-01
3.8871609318033368e-01 2.3319103511267150e-01
4.3215285921891589e-01 2.1569226367810990e-01
4.4612440550245758e-01 2.5491568060036318e-01
3.9943748269726392e-01 2.6095536964267069e-01
1.0600485867236931e-01 7.1515108012715406e-02
1.3177143298662039e-01 3.2731702342239800e-02
1.4436881737899149e-01 2.6713590893412600e-02
1.1702506737899150e-01 4.4259868049643603e-02
1.5662794119492010e-01 7.1951735014996507e-02
1.2895576510484971e-01 9.7025044234168106e-02
7.3779718210528933e-01 5.7137293125155003e-03
7.2217218210528933e-01 5.7137293125155003e-03
7.2998468210528933e-01 5.7137293125155003e-03
7.3489585803015811e-01 4.1271376302650202e-02
7.8518831653669707e-01 1.1195154619350391e-01
7.9305228363567259e-01 1.5318055442466549e-01
7.5738905017625680e-01 1.0903096969032230e-01
7.4724615327373067e-01 1.3322795969503509e-01
9.0542291293377805e-02 6.2347794275533698e-02
6.8184634984000000e-02 1.1645823238599400e-01
1.0247298901923600e-01 1.1511297046005819e-01
6.8932371600351028e-01 2.5960648258907942e-01
6.4867399470018094e-01 2.3929968647473179e-01
4.2547095309407978e-01 5.3369282182108357e-01
4.3933914697007059e-01 5.7417647832380092e-01
3.9668709940987729e-01 5.8952143813120839e-01
3.9109378432247471e-01 5.4910091312758258e-01
4.4795832109976952e-01 5.4860667831282250e-01
8.8229778336487574e-01 7.0853464145127787e-01
8.8473054294536047e-01 7.2765442766318889e-01
8.3737553900136041e-01 7.3522776058814399e-01
8.5203293874396491e-01 7.6830439966542485e-01
8.3808605856636498e-01 7.0033154555887811e-01
8.6177203111298328e-01 6.9591687037384875e-01
2.7396200148524030e-01 1.3017168237872390e-01
2.5517408930921198e-01 1.4601081088819201e-01
2.5987397314758293e-01 1.1869447708667991e-01
2.7567691727861399e-01 1.4061698322241539e-01
2.6894180277381041e-01 1.2194888878302999e-01
2.5016690350931697e-01 1.2886324642268079e-01
2.6754412535708100e-01 1.5136712870912930e-01
6.3122049302703195e-02 2.9719633296073072e-01
2.7687160210598999e-02 3.0704931724047119e-01
6.7355948204750299e-02 3.1366655455276760e-01
5.2577102722478099e-02 2.8765686678999131e-01
4.4830066192735600e-02 3.1647080586468579e-01
2.5526580716132458e-01 4.8100347531289400e-01
2.5788033674825050e-01 4.5113803972984079e-01
2.4652314110073101e-01 4.6505537201051211e-01
2.6949386196687020e-01 4.4559608544413448e-01
2.8292419125627372e-01 4.6284225025573889e-01
7.1168943058268153e-01 6.8806996339084159e-01
6.5283288205684264e-01 7.0307692418060141e-01
6.9973181310855459e-01 7.1516611593595925e-01
6.7234525539229895e-01 7.1687353718883640e-01
6.6213177485699459e-01 6.7513890891115791e-01
6.8330483410396081e-01 6.5169695258955929e-01
2.7797787102406463e-01 3.7949192598877451e-01
2.9694983628098898e-01 3.7648090989043398e-01
2.7957644962019251e-01 3.9463604706861227e-01
2.8192026798603859e-01 3.6478283482028262e-01
2.9216636678519298e-01 3.8573401593808321e-01
1.8014173181271750e-01 7.5368918154810782e-01
1.6954499391278099e-01 8.1738717869788169e-01
1.5214987670713981e-01 7.9363136424628333e-01
1.9493321205968259e-01 8.1084749894434394e-01
1.5976731345530951e-01 7.6919016690062691e-01
2.0532699671185131e-01 7.8043575209693794e-01
8.6166186785994206e-02 6.5773875061886766e-01
2.8424038216620200e-02 6.9224862086249361e-01
2.8424038216620200e-02 7.0787362086249361e-01
5.7242320467431697e-02 6.5843357936051805e-01
7.2015237580208905e-02 7.2334497621365057e-01
8.8517361126749003e-02 6.9630609314096370e-01
7.7319792324630032e-01 8.1407376211062821e-01
7.5163662382917273e-01 7.8125309923356445e-01
7.9644765005751517e-01 7.6040941015685637e-01
8.1110504980011977e-01 7.9348604923413735e-01
7.8883477795204038e-01 7.9767301598027762e-01
2.4602477858756019e-01 3.6116625371256228e-01
2.6592972990565872e-01 3.7643501700499488e-01
2.6987212686763279e-01 3.6172592583650309e-01
2.5875797183831739e-01 3.8484848297477559e-01
2.4248991927293909e-01 3.7833107121606019e-01
5.7114372192890395e-01 2.7993671117204832e-01
5.6983895594417988e-01 2.7223733501530639e-01
6.0644990862141834e-01 2.5302703276054289e-01
5.9222156802213521e-01 3.0609994637469040e-01
6.0818790435846393e-01 2.8410238896947881e-01
3.4877684049307439e-01 2.1489920473234819e-01
3.5942619647405111e-01 1.8749228021849171e-01
3.7052190708237442e-01 2.1560110412001990e-01
4.7992794187800369e-01 2.2306150627057000e-02
4.4867794187800369e-01 2.2306150627057000e-02
4.4091575919358889e-01 7.1519269980961003e-02
4.7046499173082268e-01 6.8957050905110104e-02
4.3237177452776521e-01 4.5385490913451100e-02
8.0765985166959342e-01 1.1818545521779431e-01
8.3105721570326019e-01 6.2823371481080595e-02
7.7489794228530906e-01 3.8478223493316401e-02
7.7199661821017773e-01 7.4035870483451102e-02
8.0614794228530906e-01 3.8478223493316401e-02
5.3676147874647251e-01 2.9693080973241293e-01
4.8406339875963211e-01 3.0563925346125781e-01
5.2407807424633079e-01 2.9511994496975807e-01
5.0192139421131698e-01 2.9220365928748993e-01
5.0068249688241062e-01 3.2899639308608530e-01
5.2615855271443812e-01 3.3132137709145099e-01
5.3996620316031851e-01 9.5100847026567781e-01
6.0127147441568773e-01 9.7971667041671262e-01
5.7002147441568773e-01 9.7971667041671262e-01
5.8211689934163280e-01 9.3017728604400363e-01
6.0362227028691939e-01 9.5294546845802408e-01
6.3001747546643916e-01 3.4218513615498200e-02
6.6766925476687722e-01 4.6859397368039797e-02
6.3528512222800193e-01 1.7681217877745400e-02
6.6653512222800193e-01 1.7681217877745400e-02
6.3471229516431227e-01 7.6687439292730100e-02
6.5935782320618952e-01 7.0797177905923298e-02
4.5741367174207731e-01 4.9387976100584002e-01
3.9602527073645599e-01 5.2542494362474923e-01
4.3032690481159031e-01 4.8147603261377703e-01
4.5288980751375091e-01 5.2493070880998927e-01
5.3057396847885818e-01 7.1599376676641269e-01
5.4736415539564143e-01 6.5659746936042951e-01
5.5325572916396337e-01 7.0191261971265462e-01
5.6432514697803549e-01 6.7546603127311222e-01
5.0456716581816763e-01 6.9402771402414210e-01
2.7931101352513982e-01 1.3930586631001171e-01
2.7257589902033608e-01 1.2063777187062620e-01
2.9567689996765473e-01 1.3125547682502081e-01
2.8841779564767778e-01 1.1660980937346251e-01
3.9696758867535148e-01 9.4284857004933142e-01
3.8383783827354712e-01 9.7820286139797441e-01
3.8121773284725380e-01 9.3732315853429637e-01
4.1508783827354712e-01 9.7820286139797441e-01
4.1489377006743100e-01 9.5598156698560377e-01
1.7518252491863609e-01 9.2553266657302524e-01
2.0310166461587109e-01 9.1057096150415129e-01
1.5988155112479480e-01 9.0350413725204504e-01
1.7253495891975179e-01 8.7510640000874074e-01
1.9792317706665341e-01 8.6856672025520310e-01
5.3055723363980756e-01 4.4050020504080761e-01
5.1411542702670987e-01 4.6732704566959782e-01
5.5633203864415348e-01 4.2485355890060811e-01
5.5031961173245059e-01 4.8005049919319859e-01
5.7205321536852927e-01 4.5244048897523120e-01
8.7576497038826084e-01 4.5638317933806882e-01
8.7545135866917578e-01 4.6724923744511521e-01
8.8333794104067553e-01 4.4495994916069642e-01
9.1803351695515634e-01 4.6014162074429799e-01
8.9921893102500472e-01 4.7853224858317528e-01
7.2633512713213766e-01 3.8844061673645941e-01
7.2022719779367483e-01 4.0349193549176893e-01
7.3422984435069605e-01 4.1187361463625471e-01
7.4024017601050862e-01 3.9680231024658202e-01
9.0647715248144256e-01 7.0914480640313848e-01
8.8351864064906538e-01 6.7740724911379835e-01
9.2771791752860278e-01 6.7740882905389088e-01
7.1406233595162427e-01 3.5278815666346791e-01
7.0311083945181141e-01 3.0078307844121638e-01
6.8607191889185737e-01 3.5586634973103848e-01
6.7417339487242889e-01 3.3280346016541051e-01
7.4843808417728586e-01 6.5828776829498359e-01
7.4347982788701761e-01 6.0072442150216565e-01
7.8619979302041276e-01 6.5483994192678474e-01
7.7996490352159031e-01 6.0530659670489795e-01
7.6856482267576032e-01 6.7020918023471820e-01
7.2005348769856514e-01 6.2191475749370140e-01
8.0184996744143588e-01 6.2771094084479873e-01
2.3891375795937411e-01 1.6619596076644971e-01
2.3501308757981440e-01 1.4339125801974520e-01
2.5239030942757851e-01 1.6589514030619371e-01
2.2422748356407421e-01 1.6038659525227761e-01
8.0857929760932334e-01 9.3400516072398043e-01
8.0567897694378954e-01 9.7232901533926008e-01
7.7319573725866586e-01 9.7958330151761119e-01
7.8882073725866586e-01 9.7958330151761119e-01
7.6102109361088988e-01 9.4390152198159449e-01
8.2788323725866586e-01 9.5337584980565671e-01
4.1548677969984948e-01 6.0632912513109238e-01
4.4507609050367491e-01 6.2162484557219966e-01
4.6675800138974172e-01 5.6541436531270661e-01
8.6360558737009341e-01 4.5569292513070447e-01
8.6329197565100824e-01 4.6655898323775080e-01
8.5654108876079471e-01 4.4061037061788022e-01
8.3535870999144501e-01 4.7689421121079301e-01
8.3214650923761702e-01 4.5069392020613802e-01
9.5983457431561903e-01 5.6131803185714735e-01
9.7593723841636804e-01 6.0037558102243627e-01
9.7593723841636804e-01 5.6912558102243627e-01
9.3486070667489618e-01 5.6016689399571540e-01
7.7573810991439562e-01 8.9528196537328908e-01
7.9423378562640612e-01 8.7979184039262082e-01
7.7320891670288150e-01 9.1874007967035243e-01
8.4007106035065748e-01 9.2821440749441464e-01
8.3214091218022546e-01 8.5920412751612996e-01
8.4677907072789527e-01 9.0222545758618500e-01
8.0987064033214629e-01 8.6339109426227023e-01
8.3914743910430456e-01 1.6226154442546289e-01
6.5071011129744927e-01 3.9122327826231762e-01
6.1287096995479085e-01 3.6890612447229543e-01
6.3881158727802068e-01 3.6816038869668971e-01
5.9887828313634039e-01 3.9561497738756368e-01
6.1459945986071629e-01 4.2320190746218678e-01
5.0578275866396800e-02 4.2168324019715109e-01
7.5529022626822095e-02 4.3293708220103089e-01
4.6813484547497099e-02 4.0553033898221158e-01
8.1959496396129705e-02 4.1000714047301540e-01
2.3887825218515260e-01 8.8309813825428818e-01
2.6734367722827429e-01 8.7639424756566142e-01
2.3369976463593489e-01 8.4109389700533999e-01
6.6459778383983703e-02 9.5214212767127648e-01
1.6652313273348100e-02 9.4824136093173683e-01
4.7902313273348103e-02 9.7949136093173683e-01
4.0075512804562299e-02 9.2480386093173683e-01
3.4372042902085642e-01 3.5968287913846447e-01
3.4163484863788529e-01 3.2723490436408798e-01
3.7350132122632512e-01 3.2319174375847082e-01
3.7376820607720318e-01 3.8101397765084211e-01
3.8448694726699700e-01 3.5378309758448251e-01
8.1642513418540008e-03 1.8636616261809200e-01
8.1642513418540008e-03 1.7074116261809200e-01
8.1642513418540008e-03 2.0199116261809200e-01
3.6587845032476099e-02 1.6427287788478320e-01
4.3996014152884802e-02 1.9095419803733510e-01
3.9203377998073141e-01 9.1233865079546195e-01
3.8550964497551099e-01 9.2376600578767887e-01
4.1918568219568819e-01 9.4242441423898637e-01
4.3051543513985813e-01 9.0238358542293962e-01
1.1230746511063559e-01 9.7265076673953976e-01
8.1057465110635593e-02 9.7265076673953976e-01
1.3142454415384941e-01 9.4619145584844655e-01
7.3230664641849796e-02 9.1796326673953976e-01
1.1612357036000810e-01 9.2416292652746623e-01
8.6917491882754705e-01 4.6502845501459811e-01
8.6242403193733352e-01 4.3907984239472753e-01
8.7706150119904680e-01 4.4273916673017932e-01
2.9284149090363992e-01 2.3920409480366089e-01
3.3735023774923673e-01 2.0533720476520029e-01
3.4844594835756010e-01 2.3344602866672859e-01
3.2730086528605062e-01 2.6525352380234501e-01
3.1611514390347317e-01 2.0896785537146581e-01
3.0960271232574849e-01 2.5284851721765489e-01
5.8848235323843712e-01 1.6537295737752800e-02
6.0410735323843712e-01 1.6537295737752800e-02
6.1915952617474745e-01 7.5543517152737494e-02
5.9445828417248969e-01 5.3112474663554503e-02
7.8030322234141003e-03 4.3314786124911892e-01
7.8030322234141003e-03 4.1752286124911892e-01
2.7024832078138099e-02 4.2406497550134897e-01
7.8030322234141003e-03 4.4877286124911892e-01
6.9471926079464300e-02 2.7236750984330588e-01
3.4037036987360103e-02 2.5097049412304651e-01
5.8926979499239203e-02 2.6282804367256651e-01
3.4037036987360103e-02 2.3534549412304651e-01
9.0879371902597997e-02 2.5262067526533177e-01
6.9868799798390904e-02 2.2430852954228961e-01
2.2115478273471739e-01 2.6190582533263163e-01
2.2429390427106990e-01 2.4505920613684271e-01
1.9768186142912611e-01 2.5753198913825098e-01
2.0715953889966440e-01 2.4312740829190260e-01
1.2802761560762890e-01 6.0181114488271998e-03
1.4365261560762890e-01 6.0181114488271998e-03
1.3584011560762890e-01 6.0181114488271998e-03
1.2021511560762890e-01 6.0181114488271998e-03
1.1630886560762890e-01 2.3564388605058099e-02
1.2338681280600210e-01 6.1129903176681499e-01
1.0009034095230430e-01 5.9360138375913429e-01
8.6560430820185594e-02 6.1917508825439826e-01
1.1783547147950291e-01 6.5704760203484391e-01
9.7150310640902515e-01 9.9517250078044694e-01
9.7931560640902515e-01 9.9517250078044694e-01
9.8712810640902515e-01 9.7954750078044694e-01
9.6369060640902515e-01 9.9517250078044694e-01
9.5978435640902515e-01 9.8090583933197451e-01
4.3305932119854301e-01 1.8105240561594130e-01
4.1551486500211599e-01 1.3069033237720670e-01
4.3546715490137011e-01 1.5288934710733329e-01
6.6379391051481074e-01 4.9625577384450259e-01
6.1582050958982149e-01 5.1265395017955662e-01
6.4507817199869577e-01 5.1936118928177932e-01
5.9779751537705206e-01 4.9674746164468431e-01
6.1953111901313074e-01 4.6913745142671681e-01
9.9470488864221573e-01 6.3902103575890101e-02
9.9470488864221573e-01 7.9527103575890101e-02
9.9470488864221573e-01 5.6089603575890101e-02
9.7724196847936473e-01 5.2183353575890101e-02
9.7024981834145685e-01 8.0534481158245699e-02
8.1121178028623275e-01 2.6307016167356628e-01
7.4491703148345967e-01 2.8112212632840389e-01
7.7496772188694907e-01 3.1710878994691472e-01
8.1489673272245577e-01 3.1650752605204568e-01
7.6174048490533797e-01 2.5624321958979612e-01
8.1445875397084000e-01 2.8969199203597978e-01
2.4374090253376920e-01 6.6418184454593177e-01
2.4709809807981301e-01 6.5708730685653727e-01
2.3806142453053020e-01 6.6959910922207044e-01
2.2966501261001851e-01 6.4449622703087983e-01
2.2615824469521839e-01 6.5962482775296827e-01
2.4942038053700830e-01 6.5876457986979320e-01
2.4038370698772549e-01 6.7127638223532626e-01
2.6408844763021128e-01 6.7004722949393125e-01
2.5263936759327832e-01 6.7843943290091646e-01
4.8637633332615787e-01 4.1290126190772392e-01
5.0086671058919108e-01 4.5091582906463962e-01
4.9991918106779187e-01 3.8763583753141179e-01
5.4308332220663469e-01 4.0844234229564980e-01
5.2539523689981948e-01 3.8996082153677758e-01
5.5338304267669491e-01 2.7935214376288781e-01
5.4200440416127726e-01 2.8524065515697489e-01
5.7576565475465014e-01 3.1321475512227170e-01
5.4408488262938459e-01 3.2144208727866791e-01
7.1143073262439271e-01 4.1140770930699988e-01
7.1492088655589336e-01 4.2146439777664080e-01
6.8954824490308853e-01 3.9943458361926099e-01
3.6742087190340422e-01 7.8872258604793544e-01
3.7167680982187318e-01 8.6202139942197387e-01
3.5510457134902618e-01 8.6193748797747660e-01
3.4297534144264502e-01 8.0255698587568580e-01
3.8615935824359532e-01 8.3865057137792298e-01
3.9167105075663511e-01 8.0114124433203759e-01
8.9364272939454725e-01 4.7348803431412699e-02
8.9998345597659601e-01 2.3003655443648401e-02
9.3123345597659601e-01 2.3003655443648401e-02
9.4502053581374512e-01 4.2534905443648401e-02
9.3802838567583713e-01 7.0886033026004006e-02
2.1877533989473369e-01 3.4510874217864762e-01
2.2688782147655831e-01 3.0956991321748728e-01
2.5647434110983808e-01 3.4907904161650399e-01
2.4095705859597641e-01 3.1032081736755007e-01
2.2909213351514451e-01 3.6568418699606109e-01
8.1373323968512368e-01 9.9274571382164878e-01
7.9810823968512368e-01 9.9274571382164878e-01
8.2935823968512368e-01 9.9274571382164878e-01
8.3717073968512368e-01 9.6653826210969429e-01
9.8448585233517583e-01 9.2122417277496349e-01
9.8448585233517583e-01 9.0559917277496349e-01
9.4485601117199791e-01 8.8820966642400423e-01
9.4335993712201605e-01 9.1508576818933507e-01
3.0452813253201488e-01 9.9600562170723705e-01
2.8890313253201488e-01 9.9600562170723705e-01
2.9671563253201488e-01 9.9600562170723705e-01
2.8356321375034099e-01 9.7644566815024847e-01
3.0070289648174758e-01 9.7585381049079933e-01
2.5848787068267859e-01 1.0916056657858229e-01
2.3971297141818529e-01 1.1607492421823309e-01
2.5483148012421492e-01 9.2931279237864095e-02
9.6313377397392541e-01 2.3780387773404821e-01
9.6258457497931804e-01 2.1436637773404821e-01
9.2375422137814467e-01 2.5370256465575158e-01
9.2224439618843568e-01 2.2433111749956219e-01
9.3825368093602579e-01 1.9378875022010711e-01
7.1698280846374396e-01 6.4735826480429096e-02
6.8145683351706277e-01 8.2294139518472198e-02
7.0683991156121773e-01 8.8932816485141897e-02
7.1694027961725248e-01 8.8443342978033734e-01
7.4920477483948678e-01 8.6623008735317142e-01
7.2817990591596216e-01 9.0517832663090303e-01
2.7403547406209039e-01 3.9420101715726630e-01
2.7637929242793657e-01 3.6434780490893659e-01
2.6526513739862118e-01 3.8747036204720908e-01
3.4985065286015687e-01 7.6262265736788337e-01
3.7589783345592997e-01 7.1698709933971316e-01
3.9714291006784180e-01 7.3399800974228668e-01
3.9854636217414702e-01 7.6120691582423528e-01
2.3261706786754741e-01 2.0439015879923830e-01
2.5128379400724310e-01 1.7155227858738700e-01
2.2312096814373880e-01 1.6604373353347099e-01
2.1548270249614190e-01 2.0245836095429820e-01
4.6714964413942289e-01 2.9103281320355168e-01
4.2046272133422941e-01 2.9707250224585913e-01
4.6591074681051659e-01 3.2782554700214689e-01
4.3144834737490118e-01 3.2766385607187082e-01
8.6787247697977388e-01 2.5586334992952292e-01
8.6636265179006489e-01 2.2649190277333350e-01
8.4243609594325963e-01 2.6436365637805231e-01
5.0119472874463078e-01 9.7129179984896519e-01
5.3244472874463078e-01 9.7129179984896519e-01
4.6975066053851461e-01 9.4907050543659455e-01
4.8108041348268449e-01 9.0902967662054779e-01
5.0375738846879314e-01 9.0173589456083225e-01
6.3326530739081277e-01 8.6911768905337472e-01
6.3855664052559735e-01 8.7017650350477460e-01
6.3550504510109396e-01 8.7167569043847359e-01
6.2414806146707102e-01 8.6620853678404963e-01
6.4405460378856161e-01 8.5645180606127336e-01
9.7010484467738367e-01 7.5038243094317592e-01
9.2455980070834731e-01 7.3951472725070078e-01
7.2478753011237562e-01 9.8398278330211353e-01
6.9353753011237562e-01 9.8398278330211353e-01
7.1261288646459975e-01 9.4830100376609672e-01
6.8880238685956185e-01 9.4545055853398141e-01
6.6463832598360739e-01 9.5721158134342499e-01
9.9720039482383971e-01 4.4466084133487982e-01
9.9720039482383971e-01 4.5247334133487982e-01
9.9720039482383971e-01 4.5637959133487982e-01
9.9035032174304272e-01 4.5833271633487982e-01
9.7651029632981601e-01 4.4069952078192848e-01
7.5103677086255594e-02 3.0926425303255578e-01
6.0324831603983303e-02 2.8325456526977949e-01
9.9708372297750703e-02 2.9461851168360631e-01
9.2277224007342104e-02 2.7304719686254469e-01
1.7863919632371619e-01 3.7959224483037202e-01
1.2034989945901441e-01 4.2966414365411593e-01
1.8895598994412691e-01 4.0016768964778537e-01
1.2678037322832211e-01 4.0673420192610032e-01
1.5338834659532441e-01 3.7866902769076471e-01
1.0799285661955819e-01 5.8642015601320130e-01
1.5168268358243550e-01 5.8528675280732667e-01
3.6623582068500699e-01 8.9530197284371282e-01
3.7628392415263368e-01 9.0681323928042690e-01
4.2128971431698081e-01 8.8543081891568765e-01
3.9729060757957618e-01 8.7201505624415909e-01
9.8389733589925088e-01 5.2344245083471108e-01
9.8389733589925088e-01 5.5469245083471108e-01
9.4209556180931076e-01 5.2267271853359354e-01
9.4282080415777902e-01 5.4573376380799021e-01
2.6818937889890287e-01 5.8709057987098934e-01
2.8438967333573972e-01 6.0007797207755120e-01
2.6159446251890339e-01 6.0245432048250591e-01
8.7606034577622238e-01 4.1536531685882577e-01
8.9069781503793566e-01 4.1902464119427751e-01
9.2769048061818116e-01 4.1815535236492291e-01
8.7166009267775413e-01 3.7567495030417292e-01
9.0521856098470965e-01 3.7292388278946109e-01
9.1820878049182775e-01 3.9624326119627840e-01
5.4069963817655320e-01 2.7754127900023301e-01
4.6993452671306019e-01 4.3972810253651418e-01
4.6898699719166098e-01 3.7644811100328651e-01
4.4284775978257318e-01 4.2732437414445118e-01
4.2380585656625180e-01 4.0351730013936993e-01
4.3452459775604568e-01 3.7628642007301027e-01
2.3967079902237740e-01 4.8991828052292641e-01
2.5268384066129501e-01 5.2471734783544988e-01
2.7607184917792010e-01 4.8770515876815318e-01
2.2095074841880921e-01 5.1055090681213000e-01
2.7604704760836513e-01 5.1358502444975118e-01
2.9535125768486098e-01 3.6133678881059622e-01
3.2122641777479732e-01 3.6784686587756682e-01
3.0559735648401543e-01 3.8228796992839659e-01
5.4765220293936956e-01 7.3651387587522943e-01
5.4911021159775686e-01 7.6417076256510974e-01
4.9737166291151641e-01 7.7591609651622395e-01
5.2661789788987445e-01 7.8491904252578704e-01
4.9896363959357382e-01 7.2862897018671691e-01
5.0118773021029572e-01 7.5237420785892950e-01
3.4158552400171771e-01 9.0968841400998957e-01
3.3365398819668202e-01 9.3363797976768614e-01
3.1917849684537042e-01 9.4192757209394407e-01
3.0475537667920821e-01 9.1395447666178786e-01
8.6865927341795124e-01 2.4345147987764201e-02
8.3740927341795124e-01 2.4345147987764201e-02
2.6463828845752058e-01 4.2774032544815299e-01
2.4228532860930330e-01 4.6005284493987308e-01
2.6525604947544251e-01 4.4059355837349562e-01
2.5586795179405142e-01 4.2100967033809578e-01
9.1982732365388398e-02 3.3710523182904478e-01
6.7770952907061296e-02 3.6775220755403909e-01
1.0291696475569390e-01 3.7222900904484302e-01
1.1658742757688360e-01 3.2245949048009542e-01
1.2952493812269619e-01 3.4416383480950730e-01
7.2813990814355556e-01 7.0761063368794352e-01
7.6022426411615696e-01 6.9243589308256048e-01
7.1171292913896189e-01 6.4414147034154368e-01
5.9635919609523980e-01 7.1648056577190855e-01
5.9781720475362721e-01 7.4413745246178875e-01
6.2153687899164989e-01 7.5182275609578453e-01
6.4189680190146114e-01 7.2432501573058050e-01
6.3168332136615679e-01 6.8259038745290201e-01
6.0742861390931191e-01 6.9003397733236616e-01
2.1303616854152641e-01 3.0615928590357172e-01
1.8956324723593510e-01 3.0178544970919108e-01
2.1524048058011261e-01 3.6227355968214559e-01
1.7967283723131000e-01 3.4077489772512481e-01
6.5967903279199835e-01 8.7614918228920580e-01
6.6219183309036200e-01 8.8511934314066709e-01
6.6517699605496272e-01 8.6242448484570455e-01
6.8970697119224589e-01 8.8319070512908104e-01
6.7713609788591766e-01 9.0108515674753142e-01
6.8690946038583633e-01 8.5208825853147463e-01
5.1562500000000000e-01 0.0000000000000000e+00
4.6875000000000000e-01 0.0000000000000000e+00
1.0000000000000000e+00 5.3125000000000000e-01
1.0000000000000000e+00 4.8437500000000000e-01
5.3125000000000000e-01 1.0000000000000000e+00
4.6875000000000000e-01 1.0000000000000000e+00
4.6855593179388388e-01 9.7777870558762936e-01
0.0000000000000000e+00 4.8437500000000000e-01
0.0000000000000000e+00 5.3125000000000000e-01
2.2313710695739598e-02 5.1729399914117402e-01
7.4218750000000000e-01 0.0000000000000000e+00
7.4709867592486878e-01 3.5557646990134702e-02
7.8125000000000000e-01 0.0000000000000000e+00
2.3437500000000000e-01 0.0000000000000000e+00
2.5512145959598931e-01 3.9978201796747999e-02
2.3453167169132039e-01 3.0040817408990901e-02
2.8125000000000000e-01 0.0000000000000000e+00
1.0000000000000000e+00 2.8125000000000000e-01
1.0000000000000000e+00 2.4218750000000000e-01
9.8765746844622826e-01 2.4609375000000000e-01
7.1875000000000000e-01 1.0000000000000000e+00
7.6562500000000000e-01 1.0000000000000000e+00
7.3782535635222413e-01 9.6431822046398319e-01
0.0000000000000000e+00 7.6562500000000000e-01
0.0000000000000000e+00 7.3437500000000000e-01
6.5625000000000000e-01 0.0000000000000000e+00
6.0937500000000000e-01 0.0000000000000000e+00
1.3281250000000000e-01 0.0000000000000000e+00
1.1718750000000000e-01 0.0000000000000000e+00
1.0000000000000000e+00 1.5625000000000000e-01
1.0000000000000000e+00 1.0937500000000000e-01
9.8710826945162111e-01 1.6015625000000000e-01
9.7554492969924111e-01 1.1038237758235560e-01
9.6277737540832886e-01 1.3957862248605901e-01
9.0625000000000000e-01 1.0000000000000000e+00
8.5937500000000000e-01 1.0000000000000000e+00
9.1015625000000000e-01 9.8573333855152745e-01
8.6718750000000000e-01 9.7379254828804540e-01
8.9637408478684022e-01 9.6261159541437169e-01
0.0000000000000000e+00 8.4375000000000000e-01
0.0000000000000000e+00 8.9062500000000000e-01
2.3423199531214200e-02 8.8281250000000000e-01
3.2369533817737703e-02 8.4060091449336016e-01
5.4687500000000000e-01 0.0000000000000000e+00
5.7812500000000000e-01 0.0000000000000000e+00
5.6847593093405258e-01 3.6575178925801699e-02
1.0000000000000000e+00 7.8125000000000000e-02
1.0000000000000000e+00 5.4687500000000000e-02
9.4531250000000000e-01 1.0000000000000000e+00
9.4140625000000000e-01 9.8573333855152745e-01
0.0000000000000000e+00 9.2187500000000000e-01
1.0000000000000000e+00 7.8125000000000000e-01
1.0000000000000000e+00 7.1875000000000000e-01
2.6562500000000000e-01 1.0000000000000000e+00
2.6028508121832611e-01 9.8044004644301141e-01
2.3437500000000000e-01 1.0000000000000000e+00
0.0000000000000000e+00 2.8125000000000000e-01
2.4889942511879100e-02 2.6185754954952001e-01
0.0000000000000000e+00 2.3437500000000000e-01
9.0625000000000000e-01 0.0000000000000000e+00
8.4375000000000000e-01 0.0000000000000000e+00
4.0625000000000000e-01 0.0000000000000000e+00
3.4375000000000000e-01 0.0000000000000000e+00
3.8994383264976151e-01 2.3079340286394100e-02
3.5937500000000000e-01 1.7611707269525101e-02
1.0000000000000000e+00 3.4375000000000000e-01
1.0000000000000000e+00 4.0625000000000000e-01
9.7930990150597630e-01 4.0228867944704882e-01
9.8118494679604717e-01 3.5937500000000000e-01
9.6982820137962278e-01 3.8037658827840432e-01
6.5625000000000000e-01 1.0000000000000000e+00
5.9375000000000000e-01 1.0000000000000000e+00
6.2735079587123166e-01 9.7322879804131146e-01
0.0000000000000000e+00 6.5625000000000000e-01
2.8818282250811601e-02 6.2243495849802444e-01
0.0000000000000000e+00 5.9375000000000000e-01
7.0312500000000000e-01 0.0000000000000000e+00
1.7187500000000000e-01 0.0000000000000000e+00
2.0312500000000000e-01 0.0000000000000000e+00
1.0000000000000000e+00 1.9531250000000000e-01
9.8710826945162111e-01 1.9140625000000000e-01
7.9687500000000000e-01 1.0000000000000000e+00
8.2812500000000000e-01 1.0000000000000000e+00
0.0000000000000000e+00 7.9687500000000000e-01
3.2369533817737703e-02 8.0935091449336016e-01
9.7554492969924111e-01 9.4757377582355598e-02
9.7656250000000000e-01 1.0000000000000000e+00
9.6093750000000000e-01 1.0000000000000000e+00
2.3423199531214200e-02 8.9843750000000000e-01
1.0000000000000000e+00 5.9375000000000000e-01
1.0000000000000000e+00 6.5625000000000000e-01
9.7569572107812386e-01 6.4489631895827726e-01
1.0000000000000000e+00 8.5937500000000000e-01
1.0000000000000000e+00 8.9062500000000000e-01
3.4375000000000000e-01 1.0000000000000000e+00
4.0625000000000000e-01 1.0000000000000000e+00
0.0000000000000000e+00 3.9062500000000000e-01
0.0000000000000000e+00 3.6718750000000000e-01
1.5457008535824200e-02 3.8101421303729061e-01
9.8118494679604717e-01 3.2812500000000000e-01
6.5860079587123166e-01 9.7322879804131146e-01
1.4843750000000000e-01 0.0000000000000000e+00
1.5625000000000000e-01 1.0000000000000000e+00
9.3750000000000000e-02 1.0000000000000000e+00
1.4411707904321369e-01 9.7354068910890679e-01
0.0000000000000000e+00 9.3750000000000000e-02
0.0000000000000000e+00 1.4062500000000000e-01
2.8423593690622199e-02 1.3415671526669129e-01
9.5128707983714911e-01 1.9531250000000000e-02
4.2119383264976151e-01 2.3079340286394100e-02
1.0000000000000000e+00 4.4531250000000000e-01
9.7930990150597630e-01 4.3353867944704882e-01
0.0000000000000000e+00 7.0312500000000000e-01
2.8818282250811601e-02 6.5368495849802444e-01
7.2656250000000000e-01 0.0000000000000000e+00
2.1890667169132039e-01 3.0040817408990901e-02
1.0000000000000000e+00 2.2656250000000000e-01
1.0000000000000000e+00 2.1093750000000000e-01
3.2369533817737703e-02 7.9372591449336016e-01
0.0000000000000000e+00 4.2187500000000000e-01
0.0000000000000000e+00 4.5312500000000000e-01
9.9218750000000000e-01 9.8437500000000000e-01
1.0000000000000000e+00 8.2812500000000000e-01
1.0000000000000000e+00 9.2187500000000000e-01
1.0000000000000000e+00 9.5312500000000000e-01
3.0468750000000000e-01 1.0000000000000000e+00
3.0867476394973270e-01 9.7984818878356228e-01
0.0000000000000000e+00 3.2812500000000000e-01
2.4889942511879100e-02 2.9310754954952001e-01
1.7142905982136698e-02 3.2192148862421449e-01
0.0000000000000000e+00 1.7187500000000000e-01
0.0000000000000000e+00 2.0312500000000000e-01
1.9804739604993049e-01 9.7504133436903229e-01
1.7536707904321369e-01 9.7354068910890679e-01
2.0312500000000000e-01 1.0000000000000000e+00
1.0000000000000000e+00 4.6484375000000000e-01
9.9314992691920301e-01 4.6679687500000000e-01
1.9221799854724001e-02 4.1279211425223022e-01
1.5457008535824200e-02 3.9663921303729061e-01
2.8906250000000000e-01 1.0000000000000000e+00
2.7591008121832611e-01 9.8044004644301141e-01
0.0000000000000000e+00 3.5156250000000000e-01
1.7142905982136698e-02 3.3754648862421449e-01
1.0000000000000000e+00 4.5703125000000000e-01
6.3477265474724587e-01 8.7350397402938351e-01
6.3115829872860085e-01 8.7674036740858030e-01
6.1980131509457792e-01 8.7127321375415634e-01
6.3672269445146790e-01 8.8421134132634260e-01
6.0599752742578228e-01 8.8916999532863006e-01
2.7011330255619742e-01 5.7874970300653339e-01
2.9406576490607461e-01 5.7414420266015798e-01
2.6781281671090229e-01 5.5955848843925815e-01
2.9117602365797240e-01 5.4842616505355934e-01
6.4006398788203045e-01 8.7456278848078339e-01
6.4562838360489749e-01 8.8203376239854570e-01
6.4861354656949821e-01 8.5933890410358316e-01
6.4257678818039421e-01 8.8353294933224480e-01
1.9767572881775969e-01 2.6624662074803068e-01
2.3521788724276921e-01 2.7137136109247417e-01
2.4320449661753779e-01 2.4129563943954921e-01
2.1029252782465049e-01 2.3499542070589341e-01
2.7336667644346740e-01 6.2979778378683215e-01
2.3534449061325749e-01 6.3907896235474115e-01
2.6744564317625508e-01 6.6295269180453675e-01
2.5057146562663107e-01 6.3217413219178686e-01
2.2280104914917459e-01 6.6671936544236277e-01
2.4695988959003931e-01 6.8385669757705514e-01
2.0691836543650921e-01 6.9776324885058094e-01
2.2982247583083371e-01 6.9911207910835349e-01
9.9314992691920301e-01 4.6289062500000000e-01
6.3420496751097188e-01 8.5537093738285819e-01
6.0049463752068566e-01 8.8302444968010829e-01
2.5925470208491408e-01 5.6275952641286664e-01
2.5496027155020973e-01 5.9731448159165845e-01
2.1681561331091209e-01 5.7420322128695667e-01
2.7289313739698040e-01 1.6050131264041709e-01
2.9739181576102830e-01 1.4170077766871231e-01
2.9327766767859981e-01 1.6747137430878889e-01
2.6389930975044240e-01 9.6185690934214099e-02
2.8339759693624789e-01 1.0838701577776851e-01
6.1741601687757564e-01 8.9596257725229456e-01
6.6308544869881691e-01 9.0696973685687143e-01
6.3892138782286234e-01 9.1873075966631501e-01
2.1383361479037921e-01 9.3362031840906501e-01
2.1367239604993049e-01 9.7504133436903229e-01
1.4793318429258620e-01 9.2505284889683326e-01
3.0170794471692319e-01 5.9033263284032844e-01
2.8803474353667052e-01 6.4108043341097021e-01
2.7116056598704652e-01 6.1030187379822032e-01
3.3339525447176949e-01 6.1479980516588273e-01
3.1085942915389603e-01 6.2751926403137626e-01
7.0051220059296504e-01 3.8093410483738738e-01
7.4240766653110302e-01 3.8621760527993931e-01
7.4760181155640848e-01 3.6183749716607622e-01
7.3028940553282762e-01 4.1634022842492152e-01
7.1977691290730716e-01 4.1801523775007660e-01
9.7245982842517931e-01 4.4721055444704882e-01
9.7016273875941450e-01 4.6326151486000500e-01
2.1922029776417909e-01 1.4323903078676650e-01
2.0538707470588821e-01 1.0835999089870089e-01
2.0030515892612399e-01 1.3055819414272710e-01
2.7974120637778410e-01 9.2157728437050404e-02
2.3965313128730970e-01 7.0019019205738900e-02
2.8637145959598931e-01 3.9978201796747999e-02
3.0199645959598931e-01 5.7589909066273003e-02
9.8765746844622826e-01 2.3828125000000000e-01
1.0000000000000000e+00 3.9062500000000000e-02
9.8253707983714911e-01 3.5156250000000000e-02
9.8710826945162111e-01 1.9921875000000000e-01
6.3740041962487870e-01 8.1936565806465267e-01
6.7584397416333608e-01 8.3527798034585210e-01
9.8253707983714911e-01 4.2968750000000000e-02
3.4678808390548203e-02 4.0318132728952072e-01
2.7625181367614032e-01 4.2219837116244668e-01
2.8822396982321891e-01 4.0044310710657499e-01
2.6686371599474912e-01 4.0261448312704701e-01
3.0619684947984688e-01 3.5614879080741552e-01
2.6480440687604900e-01 3.1088048949149089e-01
3.0411126909687591e-01 3.2370081603303891e-01
2.8641311613657378e-01 3.1129580944834889e-01
9.4775566999606001e-02 4.1891197078420439e-01
9.5876804724143005e-02 4.8087885243088158e-01
2.1220808235821559e-01 4.9460280350974800e-01
3.5971168567978662e-01 9.0672932783592974e-01
3.1283343488965049e-01 8.9948412405101386e-01
3.1932501925077700e-01 9.5140678524086653e-01
8.4092804144889866e-01 4.8622974109468658e-01
8.9262887946429093e-01 4.8717752425970462e-01
8.6139069260314816e-01 4.9861906983454252e-01
8.6999700258974810e-01 4.2765661221735513e-01
8.3096495380485713e-01 4.3408083747016107e-01
8.5095928022956668e-01 3.8430692132725042e-01
8.3362998997943416e-01 4.0624854270950800e-01
9.4921875000000000e-01 9.8573333855152745e-01
3.4114742238481000e-01 5.9720691261294556e-01
3.0657037138186150e-01 5.4702170268079264e-01
3.3555410729740720e-01 5.5678638760931976e-01
2.8514487575706682e-01 1.7822151979550280e-01
7.3377955946432838e-01 4.2639691689456238e-01
7.5030238374966141e-01 4.0965060317973462e-01
7.4150247500524191e-01 4.4104042578882530e-01
7.7543121318576413e-01 4.3444314731391309e-01
2.0079642810084189e-01 1.9664899544012610e-01
1.8935376567476220e-01 1.7524039547101719e-01
1.8951955491038380e-01 1.4755353137525951e-01
2.8884173084114068e-01 4.1329634003191751e-01
3.0360023121380630e-01 4.3495114844765459e-01
2.9029990398346572e-01 4.5229776889939372e-01
7.3098998237972146e-01 4.4271543511398043e-01
3.2998642918681209e-01 3.3021089310000962e-01
3.1557238736088489e-01 4.1319588439178279e-01
5.0716431962612174e-01 2.8051350471205189e-01
9.2162713743170699e-01 4.3044664772345220e-01
9.1933004776594229e-01 4.4649760813640837e-01
7.8125000000000000e-02 0.0000000000000000e+00
8.2031250000000000e-02 1.7546277156230999e-02
8.5156250000000000e-01 9.7379254828804540e-01
9.5632271334618779e-01 4.4562831930705382e-01
9.4913810288559897e-01 4.0766526772545297e-01
2.4182532676590171e-01 3.8936641625827439e-01
1.0156250000000000e-01 0.0000000000000000e+00
9.7656250000000000e-02 1.7546277156230999e-02
9.3521103775027137e-01 4.8006990755888751e-01
1.0546875000000000e-01 1.7546277156230999e-02
5.6811693976287998e-02 3.2853872593651079e-01
5.5125796529975603e-02 3.5638145034958690e-01
1.0394227119979790e-01 3.1108873327564313e-01
2.8770984516805881e-01 9.6028823522657369e-01
2.7328672500189671e-01 9.3231513979441749e-01
7.0950353835011903e-01 5.3379699434872907e-01
6.7011032514697733e-01 5.2531161657754488e-01
5.0684968041781364e-01 5.1016314344337421e-01
5.6107685933632379e-01 5.3879308550184746e-01
5.4305386512355436e-01 5.2288659696697515e-01
5.0232581618948724e-01 5.4121409124752340e-01
5.8963222316134190e-01 6.1558145594755875e-01
5.7551180767022503e-01 6.5067099002970386e-01
7.1441108640573847e-01 9.0789154407740069e-01
6.9060058680070058e-01 9.0504109884528539e-01
7.4613915113436957e-01 8.1791929949543940e-01
7.3263844452285354e-01 8.3784085820206267e-01
7.8333730525723744e-01 8.3433921624215257e-01
2.8423593690622199e-02 1.4978171526669129e-01
3.5831762811030801e-02 2.0771303541924310e-01
1.8368048498270670e-01 2.4746820370730169e-01
1.5137488696173071e-01 2.7915788824017179e-01
1.4990044958808929e-01 2.3556246882715351e-01
1.6431239750754331e-01 3.0086223256958378e-01
1.4394373867132210e-01 2.5758657341911029e-01
2.5413461220060352e-01 2.5889316278540092e-01
2.7574332146112829e-01 2.5930848274225887e-01
2.1440463722866290e-01 6.4161648325117215e-01
2.3313838015683649e-01 6.1958305236612932e-01
1.9499372191753900e-01 5.9647179206142753e-01
2.7066463023252518e-01 6.8262754483566002e-01
3.0493839588668359e-01 6.6067417204908074e-01
6.0819622079717672e-01 9.2368941366860247e-01
2.2522112399713320e-01 5.2940187082227164e-01
2.1451512746561699e-01 5.5501200671968154e-01
2.8031742318668912e-01 5.3243598845989282e-01
9.4988564485994986e-01 1.7473487248605901e-01
9.5808200953639022e-01 6.7413627582355598e-02
9.3153033478684022e-01 9.4834493396589914e-01
1.5937812705862761e-01 2.2115788798080510e-01
1.8171550002716530e-01 2.1165502289184440e-01
2.7089583362271208e-01 2.7253758519939503e-01
1.9501518560119740e-01 6.8778896738147877e-01
1.6554225756706031e-01 6.7618001426510033e-01
2.1022069693091261e-01 5.8956696189847324e-01
2.4207813643638659e-01 7.0627512977394369e-01
2.6988230160545562e-01 7.1682811478679964e-01
3.2599914517960897e-02 3.5918570166150510e-01
3.2676449988444978e-01 1.8156093085760919e-01
1.2838621172873779e-01 5.6758910479964597e-01
7.1166474633741802e-02 5.9429621250078468e-01
9.4052450491923997e-02 5.4431915017753196e-01
6.4661903078669897e-02 5.5165525314393427e-01
7.2342307807498440e-01 2.4896684858670601e-01
6.6062325951376955e-01 3.6094940833933009e-01
6.2197590386503532e-01 2.0268876864135971e-01
6.2703817778349324e-01 2.6430751930555468e-01
8.9676566921405987e-01 8.8353909202885661e-01
9.1924424362366230e-01 8.9834708906341243e-01
9.0740984812973413e-01 8.4853965602818571e-01
3.0649859788356643e-01 1.1900472073216310e-01
3.0964355412111472e-01 1.5942098482379799e-01
6.6060028920280997e-02 3.9150522756538508e-01
2.9042640773330319e-01 9.3172328213496836e-01
8.0978257503550743e-01 4.7036467806307392e-01
8.3345742694358482e-01 5.0895429780758472e-01
8.0807297004781331e-01 5.3555855351519166e-01
7.9218408703311927e-01 5.1452674350778371e-01
7.8144154484557671e-01 4.1937184292424040e-01
7.6150686043477944e-01 3.7019919067619872e-01
7.8410658102015374e-01 3.9153954816358733e-01
7.7264163610115721e-01 4.5076166553333108e-01
3.1703056050320988e-01 4.5219731325925899e-01
3.6124922570801349e-01 4.2008587885333060e-01
8.8515826495897709e-01 5.0990208097260270e-01
9.1712169416858791e-01 5.2152158067216159e-01
3.4904593187535049e-01 2.6595542319001658e-01
3.8091240446379032e-01 2.6191226258439948e-01
4.7103609330756607e-01 2.3837380210753051e-01
4.5947238072685148e-01 1.7098732667666919e-01
4.7862326249599701e-01 1.8820613662142729e-01
2.4753786252401930e-01 9.1045407739143880e-01
2.1389394993167979e-01 8.7515372683111736e-01
3.1020269584353888e-01 2.8535791174094288e-01
3.5976732139228079e-01 2.9371975772001579e-01
3.0370543170331421e-01 4.9542379939259612e-01
4.3730593179388388e-01 9.7777870558762936e-01
6.4734782690555104e-01 1.3743561699342011e-01
6.2125298577812182e-01 1.4507890850803501e-01
6.4849987391449782e-01 1.1212218144316249e-01
5.9754243058490752e-01 1.2385116205974660e-01
5.9915310387036280e-01 9.5581400340786396e-02
7.3405445494721122e-01 9.5312283984982302e-02
8.7815362038075884e-01 1.9017530246649900e-01
8.9416290512834906e-01 1.5963293518704391e-01
9.3832230510756998e-01 1.2496100006841460e-01
5.5792733348951899e-02 8.4841341449336016e-01
1.9991579550724889e-01 7.5278961530574798e-02
1.5309607154178670e-01 1.1554959746233941e-01
1.7568633185209290e-01 1.1267449148719400e-01
1.2781401413591589e-01 3.6791685482085318e-01
7.0184021309941036e-01 9.2578599569585107e-01
6.5386565261841789e-01 9.3469657327317934e-01
2.0203661228285649e-01 7.2018168104746949e-01
1.4965957385439480e-01 7.0722389767331850e-01
1.5875808353112400e-01 7.3433383614221603e-01
2.0431776678766569e-01 7.4557942133852706e-01
4.4844161653193770e-01 9.1551658235921196e-01
2.5274488784624988e-01 7.3208349631809799e-01
2.2722187718199030e-01 7.4692825159629961e-01
6.2278411817111112e-01 3.3863225454930801e-01
5.8285081402943084e-01 3.6608684324018198e-01
5.6516272872261575e-01 3.4760532248130982e-01
6.1280983718421012e-01 3.1738043291970208e-01
7.2038007119333525e-01 7.5990271142571841e-01
7.1107714510572584e-01 8.0502019532499891e-01
8.2885730391653145e-01 7.7648789754224068e-01
8.1491042373893163e-01 7.0851504343569394e-01
7.9727545339427919e-01 7.2388428174362740e-01
1.8278203522313119e-01 5.4084556569636155e-01
8.6608301037723778e-01 9.2159614666786127e-01
8.8856158478684022e-01 9.3640414370241709e-01
9.1135541416480406e-02 1.4196816860744679e-01
6.4255356501652997e-02 1.6999475068593439e-01
1.4148447695710559e-01 3.1814733625610558e-01
1.2111581812088440e-01 2.7487167710563210e-01
1.2551099355786319e-01 1.7493752989108391e-01
1.1964138074724300e-01 2.3127625769261381e-01
9.8630808643035806e-02 2.0296411196957159e-01
1.4793546463254781e-01 1.9974928801169620e-01
8.0923541045625647e-01 4.1633209229776580e-01
8.0663001629559172e-01 3.4521781866746648e-01
7.8930072604545920e-01 3.6715944004972412e-01
4.0261942002139250e-01 3.2026795094041038e-01
4.3577226273870301e-01 8.6205999087163665e-01
4.6477212652243799e-01 8.3835646182331280e-01
4.8244834446221629e-01 8.6818197148344978e-01
4.5733813704560639e-01 4.6533894130136688e-01
5.2062908868183411e-01 4.9046612321703059e-01
4.7990103974776699e-01 5.0879361749757901e-01
3.6724141705225349e-01 5.8125355993487404e-01
4.0242404294348172e-01 6.3696980537960712e-01
3.7516710786530011e-01 6.5343001303889647e-01
3.5029890682178272e-01 6.3439354380399338e-01
8.6491462333575797e-01 5.4258828549730298e-01
8.3953016643998646e-01 5.6919254120491003e-01
8.6141523035983203e-01 5.9159688534481081e-01
8.9687805254536879e-01 5.5420778519686187e-01
1.3774227745480130e-01 5.4318574697165745e-01
4.4192792453042451e-01 1.2062525343793459e-01
4.5152486716840418e-01 9.5864019631956995e-02
4.1343164996534681e-01 7.2292459640297999e-02
6.9078779983400418e-01 5.5690240978600580e-01
7.6666608867171859e-01 5.6996996275992229e-01
7.0675467284869353e-01 5.8657812354872574e-01
7.5077720565702455e-01 5.4893815275251434e-01
6.0679644602398319e-01 5.6718151879423617e-01
6.2213692422198807e-01 5.4170979291259891e-01
5.7485626760034425e-01 5.1909606527550378e-01
8.5815286220680576e-01 8.5258586668957648e-01
8.2124443181105677e-01 8.1375150336566182e-01
8.6879704112248013e-01 8.1758643068890557e-01
7.9798597295928386e-01 6.8898806671436152e-01
8.3127111772495943e-01 6.4648982732444216e-01
8.3930691585055461e-01 6.6920415322139870e-01
8.2922973688096602e-01 3.6655817615485509e-01
8.8011749543805395e-01 3.4186548725788568e-01
8.4612104837948265e-01 3.1780102075653160e-01
6.3605410843285759e-01 5.7388875789645888e-01
6.3084792220058072e-01 6.2700642798077744e-01
6.0659321474373595e-01 6.3445001786024147e-01
6.5202098144754705e-01 6.0356447165917881e-01
6.6736145964555171e-01 5.7809274577754155e-01
8.9504600651118627e-01 2.4461342668721761e-01
9.0511589772295242e-01 3.0654964679329050e-01
8.7111945066438112e-01 2.8248518029193642e-01
9.7569572107812386e-01 6.7614631895827726e-01
9.3943929656426006e-02 8.0245952258638398e-01
7.5960733181326498e-02 7.7794726984451690e-01
3.0297708770735832e-01 7.5954676926329390e-01
2.5502604235105919e-01 7.5748123660915567e-01
2.8818282250811601e-02 5.9118495849802444e-01
5.1131992946551200e-02 5.7722895763919846e-01
4.8103109619882400e-01 1.6004307811281929e-01
4.7147715706765819e-01 1.1806303436208360e-01
3.3266436604930499e-01 5.3106835000272112e-01
6.4474646681105230e-01 1.6450208267148569e-01
6.7199335494742840e-01 1.3154535560661329e-01
6.9737643299158325e-01 1.3818403257328299e-01
6.3875045450743995e-01 3.1663469714409631e-01
6.8879573295317309e-01 7.3641420748593833e-01
7.4826664664203002e-01 7.1953204562767814e-01
8.9526959516407789e-01 9.1041519379418734e-01
8.8343519967014983e-01 8.6060776075896062e-01
9.8543710536888998e-02 1.6864948875999861e-01
1.4784836652640090e-01 1.6543466480212329e-01
1.4801415576202251e-01 1.3774780070636561e-01
4.5248509534009518e-01 6.7946422163258036e-01
4.0475641866912548e-01 6.6872573348000375e-01
4.2600149528103731e-01 6.8573664388257738e-01
8.2853562120206281e-01 5.4794788225504754e-01
8.8588350730744514e-01 5.3296312624699937e-01
7.8726228129159725e-01 5.5352032795524653e-01
8.2503622822613687e-01 5.9695648210255547e-01
5.9494107049040879e-01 1.5091762773781231e-01
6.9852848000053003e-01 1.1287059702302540e-01
4.4806744549767968e-01 3.5102099569669831e-01
5.0800590076532259e-01 3.5350767063234018e-01
4.1120946689879811e-01 4.2912813890422258e-01
4.0288630487227051e-01 3.7809018483278167e-01
5.7179197228286216e-01 7.5008961551135167e-01
5.8140338143854686e-01 6.9598614038192907e-01
5.9696965517927225e-01 7.8543180583522765e-01
5.5075766723336717e-01 7.9849478216190928e-01
6.4104925232710619e-01 7.6561936910401940e-01
1.4528561829370190e-01 8.7462658233254875e-01
1.4054390888301779e-01 8.2247303063764621e-01
1.8332724423556049e-01 8.3968916533570681e-01
1.0516559520227710e-01 7.7420496344418077e-01
1.3076622842554639e-01 7.7427601884039143e-01
2.1910924703463081e-01 8.0273773873476317e-01
1.0368452227371761e-01 7.2265382762962682e-01
1.1278303195044680e-01 7.4976376609852435e-01
1.2928515549698691e-01 7.2272488302583748e-01
3.2812500000000000e-01 1.7611707269525101e-02
2.2313710695739598e-02 5.4854399914117402e-01
5.7284118858264976e-01 1.0142011957056360e-01
5.5117004190416541e-01 3.7431417539657807e-01
5.8457930393535640e-01 4.2038262623007339e-01
9.2674097726268695e-02 2.2498821656152851e-01
1.7043862683670710e-01 1.6255955882697781e-01
4.4077301978503342e-01 8.2494069915178425e-01
4.1728484851433811e-01 8.1113490115422282e-01
4.9901911854712661e-01 8.1024011611302349e-01
4.7358895086754782e-01 7.7769528144616595e-01
4.4628471229807321e-01 7.8743137210589897e-01
4.8744910150854670e-01 8.3106267976359738e-01
5.1669533648690480e-01 8.4006562577316046e-01
3.7431883264976151e-01 4.0691047555919103e-02
5.7856687702365350e-01 4.7557956652266398e-01
6.1672750670946397e-01 6.6209596206292254e-01
6.6215527341327496e-01 6.3121041586186000e-01
9.0954546606906739e-01 1.8469961225157300e-01
8.7967951668643818e-01 3.1504995324181989e-01
9.3802292866855197e-01 3.4143220987158701e-01
9.2666618325212746e-01 3.6243379814999122e-01
4.7518092754960528e-01 7.3040815511665902e-01
4.4647323687382551e-01 7.1293533969444334e-01
3.9874456020285581e-01 7.0219685154186673e-01
3.5263128254742648e-01 6.6614947190438989e-01
8.5495709027157774e-01 6.4207515213941280e-01
9.5101314817566995e-01 3.6475158827840432e-01
4.4869732749054742e-01 7.3668057736665604e-01
4.5010077959685257e-01 7.6388948344860452e-01
4.2139308892107269e-01 7.4641666802638884e-01
7.4017968804733394e-02 5.2725189531594574e-01
