251 43 44
251 44 45
252 251 45
252 46 253
43 251 250
430 251 252
430 171 395
252 45 46
190 251 430
41 249 40
248 41 42
251 190 250
190 430 395
249 41 248
190 248 250
431 248 190
250 248 42
42 43 250
399 190 395
430 252 191
253 255 191
255 253 47
396 430 191
191 252 253
48 49 255
255 353 191
254 353 255
404 353 352
48 255 47
191 353 404
171 393 395
430 396 171
171 396 394
395 393 399
398 171 394
394 404 176
399 393 172
393 171 398
394 176 398
394 396 404
396 191 404
172 393 398
398 315 314
253 46 47
342 190 399
40 247 39
247 40 249
247 249 205
38 39 247
431 342 344
431 249 248
205 344 343
344 205 431
344 160 343
431 205 249
190 342 431
246 247 205
37 38 246
38 247 246
37 246 245
192 432 343
432 246 205
343 400 192
432 192 245
400 343 341
432 245 246
343 432 205
37 245 36
160 344 342
160 340 397
340 160 342
397 340 172
160 397 341
172 314 313
314 172 398
119 118 311
311 397 313
119 311 313
313 397 172
342 399 340
397 311 312
173 312 310
173 341 397
400 173 355
341 173 400
118 117 312
312 116 310
116 312 117
173 397 312
311 118 312
310 116 115
120 313 314
160 341 343
399 172 340
310 308 173
254 255 49
50 51 257
257 51 258
50 257 256
52 53 260
257 258 436
260 258 52
53 259 260
52 258 51
159 436 258
254 256 354
254 49 256
354 256 194
254 354 162
194 436 348
194 256 257
403 348 346
348 403 194
348 436 159
194 403 354
257 436 194
351 354 403
159 258 260
256 49 50
260 259 159
259 53 54
259 54 261
159 259 449
206 259 261
206 261 263
159 449 350
449 259 206
261 55 56
261 54 55
349 449 206
403 346 175
350 161 348
348 161 346
175 346 401
345 161 347
349 161 350
322 401 174
345 401 161
347 161 349
161 401 346
350 449 349
175 401 323
174 401 345
350 348 159
351 403 175
352 176 404
353 162 352
352 162 318
176 352 320
125 317 320
320 317 176
124 316 317
316 176 317
124 317 125
352 318 320
162 351 318
176 316 315
313 120 119
122 314 315
314 121 120
123 315 316
121 314 122
123 122 315
316 124 123
320 318 127
398 176 315
175 319 351
175 321 319
129 319 321
319 127 318
323 322 132
321 175 323
133 132 322
133 322 324
321 323 130
401 322 323
132 131 323
125 320 126
126 320 127
131 130 323
129 128 319
130 129 321
127 319 128
351 319 318
162 354 351
347 349 206
254 162 353
35 243 244
243 35 36
35 244 34
243 192 433
243 36 245
359 433 163
357 433 192
400 357 192
243 433 244
245 192 243
244 433 207
34 242 33
34 244 242
32 33 242
437 207 358
242 244 207
240 241 437
437 241 207
207 359 358
207 241 242
433 359 207
32 242 241
433 357 163
163 355 307
355 163 357
307 355 308
356 163 307
308 115 114
355 173 308
306 309 111
113 309 307
114 113 308
308 113 307
400 355 357
356 307 309
358 356 405
356 358 163
405 356 177
437 358 195
306 305 177
305 306 110
405 177 360
303 177 305
305 109 303
177 356 309
309 306 177
360 177 303
360 303 302
163 358 359
310 115 308
405 195 358
241 31 32
241 240 31
30 31 240
195 362 438
195 405 362
238 438 239
438 238 195
239 438 208
195 238 240
195 240 437
30 240 238
29 239 28
29 30 238
237 27 28
208 237 239
26 27 237
26 237 236
237 28 239
238 239 29
164 438 362
438 364 208
362 360 164
438 164 364
208 364 363
164 361 363
302 361 164
439 363 196
439 208 363
363 406 196
363 364 164
302 164 360
208 439 236
25 235 24
235 25 236
25 26 236
235 196 233
235 236 439
234 23 233
23 24 233
233 196 440
233 24 235
439 196 235
406 363 361
236 237 208
360 362 405
110 306 111
111 309 112
108 303 109
107 302 303
107 303 108
109 305 110
304 178 361
302 107 304
178 304 301
178 406 361
105 301 304
301 300 178
104 300 301
301 105 104
105 304 106
107 106 304
178 300 298
112 309 113
103 298 300
298 103 102
103 300 104
102 101 298
299 101 100
298 101 297
299 100 99
366 297 299
297 101 299
299 99 296
179 299 296
296 98 295
292 97 96
295 98 97
98 296 99
292 96 95
178 298 365
365 298 297
367 440 196
367 406 365
440 367 165
234 233 440
297 165 365
297 366 165
369 440 165
368 369 165
369 368 157
165 367 365
178 365 406
440 369 157
21 22 232
22 23 234
232 22 234
232 157 231
157 232 234
20 231 19
231 20 232
231 157 447
232 20 21
234 440 157
366 368 165
406 367 196
366 408 368
408 366 179
408 179 407
203 368 408
292 407 179
292 295 97
424 408 407
424 407 185
292 293 407
179 295 292
366 299 179
203 408 424
447 203 230
203 447 368
19 230 18
19 231 230
203 229 230
230 231 447
229 227 17
229 203 424
17 18 229
227 228 17
229 18 230
424 227 229
185 227 424
368 447 157
179 296 295
292 95 293
302 304 361
263 434 206
263 56 57
434 263 262
206 434 347
57 58 262
434 262 193
264 262 58
264 265 435
57 262 263
193 262 264
402 174 345
402 347 193
174 402 370
174 324 322
193 435 372
435 193 264
166 370 372
370 402 372
372 435 166
372 402 193
347 434 193
327 174 370
264 58 59
263 261 56
59 60 265
265 60 266
435 265 209
268 266 62
266 209 265
209 268 441
268 209 266
266 61 62
266 60 61
209 374 435
371 166 373
166 435 374
373 166 374
370 166 326
373 441 197
373 374 209
375 409 377
197 409 373
197 441 267
373 409 371
209 441 373
371 409 180
441 268 267
265 264 59
371 326 166
324 325 134
324 174 325
135 134 325
137 327 326
327 325 174
137 326 328
180 329 328
326 371 328
325 327 135
326 327 370
139 328 329
136 135 327
137 136 327
139 138 328
330 141 140
139 329 140
137 328 138
140 329 330
141 332 142
180 330 329
332 330 180
332 141 330
332 375 331
375 332 180
143 331 333
331 143 332
375 167 331
332 143 142
180 409 375
145 144 333
146 145 334
146 335 147
182 334 333
336 148 147
335 146 334
334 145 333
144 143 333
333 331 376
371 180 328
197 377 409
345 347 402
270 197 267
268 63 267
197 270 377
375 377 167
64 270 267
270 269 377
65 269 270
269 271 378
64 267 63
377 269 167
334 182 335
376 182 333
182 376 415
336 335 182
378 415 376
378 167 269
410 415 412
410 182 415
415 378 198
376 167 378
167 376 331
410 414 182
64 65 270
336 147 335
65 66 271
271 66 67
198 378 271
67 68 272
273 68 69
68 273 272
67 272 271
271 272 198
412 198 442
412 415 198
442 198 273
410 412 181
69 274 273
274 69 70
442 274 199
71 274 70
273 274 442
198 272 273
442 181 412
271 269 65
71 275 274
148 337 149
148 336 337
337 336 414
150 149 337
414 181 411
414 336 182
426 187 379
411 187 414
187 411 427
414 187 337
410 181 414
338 337 187
151 150 338
152 151 338
338 426 339
426 338 187
277 153 339
153 152 339
339 426 188
339 152 338
150 337 338
411 181 413
427 413 199
427 379 187
413 442 199
381 427 199
275 72 276
72 275 71
210 199 276
73 276 72
275 276 199
181 442 413
210 276 73
168 380 426
168 379 381
382 380 168
168 426 379
199 443 381
443 199 210
382 168 443
210 211 443
210 73 74
381 443 168
379 427 381
74 75 210
427 411 413
275 199 274
380 188 426
63 268 62
92 91 290
93 92 291
288 88 287
90 89 288
88 288 89
91 90 289
93 294 94
93 291 294
189 294 291
294 293 95
289 288 420
291 92 290
291 290 189
289 189 290
288 184 420
91 289 290
90 288 289
289 420 189
88 87 287
83 82 283
84 83 286
282 82 81
284 286 389
286 83 283
81 80 280
282 283 82
84 286 85
184 287 285
285 87 86
287 87 285
287 184 288
85 284 285
284 85 286
285 388 184
388 285 284
390 421 388
85 285 86
420 184 383
170 388 284
421 184 388
293 422 185
293 294 422
423 185 422
227 185 423
189 384 429
189 420 384
423 422 429
386 429 384
384 169 386
189 429 422
189 422 294
202 429 386
228 16 17
227 423 228
228 423 202
16 228 15
14 226 224
226 15 228
14 15 226
224 226 202
226 228 202
423 429 202
202 386 446
185 407 293
387 169 385
169 384 420
385 169 383
387 446 386
444 385 201
421 385 383
223 156 222
444 156 385
201 385 421
385 156 387
169 420 383
387 156 446
13 224 225
224 202 446
225 224 446
224 13 14
225 223 12
225 446 156
11 12 223
11 223 10
225 12 13
156 223 225
444 222 156
386 169 387
184 421 383
283 186 286
95 94 294
281 155 278
278 155 154
155 281 78
277 188 278
277 339 188
188 281 278
281 188 417
188 428 417
277 278 154
154 153 277
281 417 279
81 280 282
79 78 281
282 186 283
279 183 416
79 281 279
282 280 186
416 280 279
183 419 416
279 280 79
417 183 279
416 186 280
417 418 183
428 382 200
428 188 380
382 443 200
418 428 200
211 75 76
200 443 211
212 76 77
76 212 211
211 212 200
210 75 211
214 200 212
183 213 419
183 418 213
213 418 214
215 419 213
214 77 0
214 418 200
0 1 214
214 1 213
212 77 214
425 416 419
418 417 428
382 428 380
1 215 213
170 284 389
201 421 390
389 186 425
388 170 390
391 170 389
391 425 204
390 170 445
392 170 391
445 392 158
391 389 425
416 425 186
445 170 392
10 222 9
444 201 221
222 444 221
222 10 223
219 221 201
220 219 445
221 9 222
8 9 221
8 221 219
219 201 445
201 390 445
158 392 391
186 389 286
217 448 216
448 158 391
216 448 204
448 217 158
215 2 216
2 215 1
216 3 217
3 216 2
215 216 204
425 419 204
217 3 4
7 219 220
220 158 218
8 219 7
220 6 7
220 445 158
218 4 5
218 158 217
5 6 218
218 6 220
217 4 218
448 391 204
215 204 419
79 280 80
133 324 134
