1.9418836348521040e+00 4.7863132857511548e-01
1.8970728838942910e+00 6.3333598760294496e-01
1.8399588873176485e+00 7.8393321972015018e-01
1.7709120513064198e+00 9.2944634408753701e-01
1.6903801710875896e+00 1.0689316522556020e+00
1.5988855268070024e+00 1.2014845284759577e+00
1.4970214963422026e+00 1.3262453164815904e+00
1.3854487070191990e+00 1.4424048946876287e+00
1.2648907511907548e+00 1.5492099236553090e+00
1.1361294934623118e+00 1.6459677317873127e+00
1.0000000000000002e+00 1.7320508075688772e+00
8.5738512280610846e-01 1.8069008692207644e+00
7.0920977408507146e-01 1.8700324853708294e+00
5.5643492783290549e-01 1.9210362232627445e+00
4.0005138755208919e-01 1.9595813040845353e+00
2.4107336051064651e-01 1.9854177481961079e+00
8.0531880218830704e-02 1.9983779963431394e+00
-8.0531880218829802e-02 1.9983779963431394e+00
-2.4107336051064579e-01 1.9854177481961079e+00
-4.0005138755208869e-01 1.9595813040845353e+00
-5.5643492783290505e-01 1.9210362232627447e+00
-7.0920977408507091e-01 1.8700324853708299e+00
-8.5738512280610801e-01 1.8069008692207649e+00
-9.9999999999999956e-01 1.7320508075688776e+00
-1.1361294934623114e+00 1.6459677317873131e+00
-1.2648907511907543e+00 1.5492099236553094e+00
-1.3854487070191985e+00 1.4424048946876296e+00
-1.4970214963422017e+00 1.3262453164815908e+00
-1.5988855268070019e+00 1.2014845284759583e+00
-1.6903801710875892e+00 1.0689316522556025e+00
-1.7709120513064198e+00 9.2944634408753735e-01
-1.8399588873176485e+00 7.8393321972015029e-01
-1.8970728838942910e+00 6.3333598760294540e-01
-1.9418836348521038e+00 4.7863132857511620e-01
-1.9741005252758257e+00 3.2082256171552098e-01
-1.9935146162684199e+00 1.6093313743345219e-01
-2.0000000000000000e+00 7.0000000000000003e-16
-1.9935146162684201e+00 -1.6093313743345081e-01
-1.9741005252758261e+00 -3.2082256171551971e-01
-1.9418836348521042e+00 -4.7863132857511492e-01
-1.8970728838942914e+00 -6.3333598760294452e-01
-1.8399588873176485e+00 -7.8393321972014984e-01
-1.7709120513064203e+00 -9.2944634408753657e-01
-1.6903801710875901e+00 -1.0689316522556014e+00
-1.5988855268070028e+00 -1.2014845284759572e+00
-1.4970214963422026e+00 -1.3262453164815899e+00
-1.3854487070191996e+00 -1.4424048946876287e+00
-1.2648907511907554e+00 -1.5492099236553083e+00
-1.1361294934623127e+00 -1.6459677317873125e+00
-1.0000000000000009e+00 -1.7320508075688767e+00
-8.5738512280610912e-01 -1.8069008692207642e+00
-7.0920977408507180e-01 -1.8700324853708294e+00
-5.5643492783290571e-01 -1.9210362232627445e+00
-4.0005138755208919e-01 -1.9595813040845353e+00
-2.4107336051064629e-01 -1.9854177481961079e+00
-8.0531880218830301e-02 -1.9983779963431392e+00
8.0531880218829593e-02 -1.9983779963431394e+00
2.4107336051064471e-01 -1.9854177481961082e+00
4.0005138755208758e-01 -1.9595813040845356e+00
5.5643492783290416e-01 -1.9210362232627449e+00
7.0920977408507035e-01 -1.8700324853708299e+00
8.5738512280610757e-01 -1.8069008692207649e+00
9.9999999999999944e-01 -1.7320508075688776e+00
1.1361294934623112e+00 -1.6459677317873131e+00
1.2648907511907541e+00 -1.5492099236553094e+00
1.3854487070191985e+00 -1.4424048946876291e+00
1.4970214963422017e+00 -1.3262453164815913e+00
1.5988855268070012e+00 -1.2014845284759592e+00
1.6903801710875888e+00 -1.0689316522556036e+00
1.7709120513064192e+00 -9.2944634408753835e-01
1.8399588873176480e+00 -7.8393321972015129e-01
1.8970728838942907e+00 -6.3333598760294596e-01
1.9418836348521038e+00 -4.7863132857511642e-01
1.9741005252758257e+00 -3.2082256171552131e-01
1.9935146162684199e+00 -1.6093313743345219e-01
2.0000000000000000e+00 0.0000000000000000e+00
1.9935146162684199e+00 1.6093313743345181e-01
1.9741005252758257e+00 3.2082256171552048e-01
9.7094181742605201e-01 2.3931566428755779e-01
9.4853644194714548e-01 3.1666799380147248e-01
9.1997944365882423e-01 3.9196660986007509e-01
8.8545602565320991e-01 4.6472317204376851e-01
8.4519008554379482e-01 5.3446582612780102e-01
7.9944276340350118e-01 6.0074226423797883e-01
7.4851074817110130e-01 6.6312265824079519e-01
6.9272435350959949e-01 7.2120244734381433e-01
6.3244537559537739e-01 7.7460496182765448e-01
5.6806474673115592e-01 8.2298386589365635e-01
5.0000000000000000e-01 8.6602540378443860e-01
4.2869256140305417e-01 9.0345043461038221e-01
3.5460488704253568e-01 9.3501624268541472e-01
2.7821746391645269e-01 9.6051811163137224e-01
2.0002569377604451e-01 9.7979065204226767e-01
1.2053668025532320e-01 9.9270887409805397e-01
4.0265940109415303e-02 9.9918899817156970e-01
-4.0265940109414901e-02 9.9918899817156970e-01
-1.2053668025532289e-01 9.9270887409805397e-01
-2.0002569377604429e-01 9.7979065204226767e-01
-2.7821746391645252e-01 9.6051811163137235e-01
-3.5460488704253551e-01 9.3501624268541494e-01
-4.2869256140305412e-01 9.0345043461038244e-01
-4.9999999999999978e-01 8.6602540378443882e-01
-5.6806474673115570e-01 8.2298386589365657e-01
-6.3244537559537717e-01 7.7460496182765470e-01
-6.9272435350959927e-01 7.2120244734381478e-01
-7.4851074817110086e-01 6.6312265824079542e-01
-7.9944276340350096e-01 6.0074226423797916e-01
-8.4519008554379460e-01 5.3446582612780125e-01
-8.8545602565320991e-01 4.6472317204376867e-01
-9.1997944365882423e-01 3.9196660986007509e-01
-9.4853644194714548e-01 3.1666799380147259e-01
-9.7094181742605190e-01 2.3931566428755810e-01
-9.8705026263791285e-01 1.6041128085776049e-01
-9.9675730813420993e-01 8.0466568716726097e-02
-1.0000000000000000e+00 2.9999999999999999e-16
-9.9675730813421004e-01 -8.0466568716725403e-02
-9.8705026263791307e-01 -1.6041128085775991e-01
-9.7094181742605212e-01 -2.3931566428755749e-01
-9.4853644194714570e-01 -3.1666799380147231e-01
-9.1997944365882423e-01 -3.9196660986007492e-01
-8.8545602565321013e-01 -4.6472317204376828e-01
-8.4519008554379504e-01 -5.3446582612780069e-01
-7.9944276340350140e-01 -6.0074226423797861e-01
-7.4851074817110130e-01 -6.6312265824079497e-01
-6.9272435350959982e-01 -7.2120244734381433e-01
-6.3244537559537772e-01 -7.7460496182765415e-01
-5.6806474673115637e-01 -8.2298386589365624e-01
-5.0000000000000044e-01 -8.6602540378443837e-01
-4.2869256140305462e-01 -9.0345043461038210e-01
-3.5460488704253590e-01 -9.3501624268541472e-01
-2.7821746391645291e-01 -9.6051811163137224e-01
-2.0002569377604459e-01 -9.7979065204226767e-01
-1.2053668025532310e-01 -9.9270887409805397e-01
-4.0265940109415102e-02 -9.9918899817156959e-01
4.0265940109414797e-02 -9.9918899817156970e-01
1.2053668025532230e-01 -9.9270887409805408e-01
2.0002569377604379e-01 -9.7979065204226778e-01
2.7821746391645208e-01 -9.6051811163137246e-01
3.5460488704253518e-01 -9.3501624268541494e-01
4.2869256140305378e-01 -9.0345043461038244e-01
4.9999999999999972e-01 -8.6602540378443882e-01
5.6806474673115559e-01 -8.2298386589365657e-01
6.3244537559537706e-01 -7.7460496182765470e-01
6.9272435350959927e-01 -7.2120244734381456e-01
7.4851074817110086e-01 -6.6312265824079564e-01
7.9944276340350062e-01 -6.0074226423797961e-01
8.4519008554379438e-01 -5.3446582612780180e-01
8.8545602565320958e-01 -4.6472317204376917e-01
9.1997944365882400e-01 -3.9196660986007559e-01
9.4853644194714537e-01 -3.1666799380147298e-01
9.7094181742605190e-01 -2.3931566428755821e-01
9.8705026263791285e-01 -1.6041128085776060e-01
9.9675730813420993e-01 -8.0466568716726097e-02
1.0000000000000000e+00 0.0000000000000000e+00
9.9675730813420993e-01 8.0466568716725903e-02
9.8705026263791285e-01 1.6041128085776021e-01
7.3791150147482765e-01 1.5306363770462352e+00
-5.9272943331276640e-01 1.5924926755344235e+00
1.3647103777662017e+00 1.0123866294866257e+00
-3.5446567156940251e-01 -1.6646566944701087e+00
-1.3566807334195516e+00 -4.5292657939337122e-01
-1.7240222361626659e-01 -1.4198600536830943e+00
-8.1249645574287921e-01 -1.1771043318916350e+00
-1.4117666069725794e+00 2.2943440498304321e-01
-1.1434337645001629e+00 8.5923473216215973e-01
-6.1315402645142569e-01 1.2921947371039688e+00
5.0718728026880711e-01 -1.3373429483443366e+00
1.0705862905136225e+00 -9.4845669026954904e-01
1.4256504821943052e+00 -1.1509040521233410e-01
5.0718728026880755e-01 1.3373429483443360e+00
1.0705862905136243e+00 9.4845669026954948e-01
-1.1434337645001635e+00 -8.5923473216215918e-01
-1.1155696901963617e+00 -5.8549613989185401e-01
-1.2435663926809963e+00 -2.0209920956659541e-01
5.0730314134106697e-02 -1.2588597613479122e+00
-3.5052104343581708e-01 -1.2101390257411480e+00
-8.7275061668487675e-01 -9.0862964104701949e-01
-1.1950435414365403e+00 3.9896415576324612e-01
-8.7275061668487619e-01 9.0862964104701982e-01
-3.5052104343581642e-01 1.2101390257411477e+00
6.2994076378518837e-01 -1.0910894086346918e+00
1.3158359881164297e+00 -5.6062532152093558e-01
1.0648393760622525e+00 -6.7336362145605810e-01
1.3887268835652060e+00 3.4229043459620989e-01
6.2994076378518860e-01 1.0910894086346914e+00
5.7591909750277601e-02 1.4291285004099901e+00
1.0648393760622539e+00 6.7336362145605766e-01
1.2232716601206932e+00 -3.0150938469412858e-01
1.2557961199890659e+00 1.0137834351317540e-01
2.5200867662788762e-01 1.2344201433941882e+00
-1.4872629209223358e+00 -7.8057579625620388e-01
-1.1635397078411525e+00 -1.2113731538747134e+00
-1.6139516802870437e+00 -9.7918677562993800e-02
2.2689199963386489e-01 -1.6009210206063269e+00
-6.0342440800225550e-01 -1.5001023556891657e+00
-1.4745883188626914e+00 6.6333806131621809e-01
-9.9741454430257015e-01 1.2726320444381216e+00
9.4488798313603151e-01 -1.3121031945095551e+00
1.4196299295983050e+00 -8.9771957349728870e-01
1.6308497786385541e+00 -4.0196836836500510e-01
1.6742109631619011e+00 1.3515628168880611e-01
9.4488798313603162e-01 1.3121031945095549e+00
3.3597467176917639e-01 1.6457127907326474e+00
-2.9174511779103091e-01 1.5903813630579788e+00
1.4464215168363497e+00 7.2269833910829573e-01
-1.6523272491203151e+00 -3.9645398794885689e-01
-5.7934007006814899e-02 -1.6982357767925498e+00
-1.6473044739335703e+00 4.1683218794198640e-01
-1.2649040959396265e+00 1.1346271329477433e+00
7.3791150147482754e-01 -1.5306363770462355e+00
1.8154248893192770e+00 -2.0098418418250261e-01
1.8371054815809504e+00 6.7578140844403001e-02
1.8241557442188634e+00 2.2798942170216330e-01
1.6428998837297484e+00 4.8781321109957743e-01
1.7856419235280960e+00 3.8424613464587548e-01
1.6717472003653202e+00 6.7801716335562034e-01
1.6086667840713846e+00 8.2607234159791632e-01
1.5678112145363108e+00 9.7091648678708142e-01
1.4817979522866020e+00 1.1069355789812918e+00
1.1651683450776154e+00 1.3772540445985917e+00
1.3750795423927005e+00 1.2273957620871272e+00
1.0405087382991718e+00 1.4790354631484339e+00
9.3702049746856975e-01 1.5883020544167739e+00
7.9764831214046805e-01 1.6687686231334999e+00
4.4620479980104089e-01 1.7833745069976961e+00
6.4717321465386657e-01 1.7258363001544899e+00
2.8852401613991152e-01 1.8155652694643778e+00
-1.1469985234276101e-02 1.7137532483765647e+00
1.2772139577517330e-01 1.8220453935378935e+00
-1.8613849900493029e-01 1.7943796797005591e+00
-3.4589825267155982e-01 1.7749813335712572e+00
-4.9639041043242749e-01 1.7760369898094794e+00
-6.5096960369891865e-01 1.7312625804526267e+00
-9.9870727215128485e-01 1.5023414260034995e+00
-7.9636471665638298e-01 1.6622717415516506e+00
-1.1311526477466622e+00 1.4109209840467156e+00
-1.2648974235651904e+00 1.3419185283015262e+00
-1.3809627961409141e+00 1.2304362247146670e+00
-1.5824842449751402e+00 8.6613485678591029e-01
-1.4776421335136078e+00 1.1017793926016730e+00
-1.6572736030901698e+00 7.2363564051818419e-01
-1.7436316806256094e+00 6.0038270383106829e-01
-1.7945940543928369e+00 4.4773175825855133e-01
-1.8037331482777317e+00 3.1507229935229197e-02
-1.8204095451009952e+00 2.8888266268771928e-01
-1.8037331482777319e+00 -1.2942590749822230e-01
-1.8229209326943676e+00 -2.7869356269115392e-01
-1.7971054419862096e+00 -4.3754265826198591e-01
-1.6636109041199920e+00 -7.8225450798817686e-01
-1.7461430682189818e+00 -5.9019360383450337e-01
-1.5888215460049628e+00 -9.2475372425590263e-01
-1.4921422086322691e+00 -1.0534105563688969e+00
-1.3302806020916775e+00 -1.2688092351781517e+00
-1.2142152295159541e+00 -1.3802915387650110e+00
-9.0624822787144010e-01 -1.4545775697302559e+00
-1.0817698539205767e+00 -1.4717119807217951e+00
-8.0171220400112819e-01 -1.6160765816290212e+00
-6.5631709104366365e-01 -1.6850674205299976e+00
-5.3183772282723707e-01 -1.7673445899204689e+00
-2.2899269727945201e-01 -1.8289085404385426e+00
-3.7725852956074579e-01 -1.8121189992773221e+00
-6.9232943612822603e-02 -1.8483068865678445e+00
2.3398268007225481e-01 -1.7931693844012175e+00
9.1569676751914894e-02 -1.8418267624943290e+00
3.9166346373338451e-01 -1.7609786219345360e+00
6.4717321465386579e-01 -1.7258363001544903e+00
7.9764831214046761e-01 -1.6687686231335002e+00
1.0405087382991713e+00 -1.4790354631484341e+00
9.3702049746856941e-01 -1.5883020544167743e+00
1.2280174987664105e+00 -1.1954307924785890e+00
1.1651683450776149e+00 -1.3772540445985921e+00
1.4025393183087518e+00 -1.1700622340924589e+00
1.5092577282026531e+00 -1.0496020509866240e+00
1.5952709904523621e+00 -9.1358295879241358e-01
1.7008809149724866e+00 -6.6570735622627175e-01
1.7639613312664224e+00 -5.1765217798397556e-01
1.8024751519571898e+00 -3.6139546504026321e-01
1.1278980599945330e+00 5.0689171756587700e-02
1.1214231913134893e+00 1.3089481218546781e-01
1.1686316627561757e+00 3.2947921419884119e-01
1.0066879090046996e+00 4.9501580762876513e-01
1.1021662809681056e+00 2.0902316865732390e-01
9.7514770085773184e-01 5.6904339674991311e-01
9.3214106973287758e-01 6.3705294284701819e-01
8.8165532201161190e-01 8.3482956880668191e-01
6.6133255864739404e-01 9.0614592798925286e-01
8.7878186478592668e-01 6.9728303439993600e-01
5.9900275525817226e-01 9.5703663726417387e-01
5.2931666259412136e-01 9.9726992162253680e-01
3.4035061901547092e-01 1.0689352890022852e+00
2.6511307027217013e-01 1.0974691275127801e+00
1.8627267844160539e-01 1.1135645087461210e+00
-1.9539349177261561e-01 1.1046640119563587e+00
8.6629848204314002e-03 1.2141587492907799e+00
1.0587136825923631e-01 1.1168045707828789e+00
-2.7527336860593032e-01 1.0949648388917077e+00
-3.5256296523917602e-01 1.0725776342132813e+00
-5.5657701322571274e-01 1.0791100704442038e+00
-6.8637530834243798e-01 8.8732752241572932e-01
-4.2526052171790812e-01 1.0380822147627933e+00
-7.5259799614012668e-01 8.4161730143733726e-01
-8.1063068242798852e-01 7.8587614964390762e-01
-9.9431192502197874e-01 6.9685027914498043e-01
-1.0201168134901675e+00 4.6671499094552371e-01
-8.5897035111433540e-01 7.2154773358741053e-01
-1.0575114925476823e+00 3.9546538281166049e-01
-1.0829926794312961e+00 3.1913991002540210e-01
-1.2042619575533946e+00 1.5495048684988461e-01
-1.1201618504076032e+00 -6.0816320424934601e-02
-1.0959004247853752e+00 2.3971536223998610e-01
-1.1201618504076032e+00 -1.4128288914166040e-01
-1.0432557538112068e+00 -4.1240590208970568e-01
-1.1072541050535243e+00 -2.2070743692707639e-01
-1.0177745669275930e+00 -4.8873137487596452e-01
-9.8037988787007835e-01 -5.5998098300982735e-01
-8.5897035111433584e-01 -7.2154773358741009e-01
-8.1063068242798897e-01 -7.8587614964390728e-01
-7.5259799614012723e-01 -8.4161730143733682e-01
-6.5624822787143988e-01 -1.0215648678380367e+00
-4.2526052171790879e-01 -1.0380822147627931e+00
-6.8637530834243865e-01 -8.8732752241572888e-01
-3.5256296523917652e-01 -1.0725776342132813e+00
-7.4647689820968893e-02 -1.1193252066950898e+00
-2.7527336860593088e-01 -1.0949648388917077e+00
5.2321870123457999e-03 -1.1290243797597408e+00
8.5633497194714497e-02 -1.1257843177229832e+00
3.9270237209262959e-01 -1.1489305299878545e+00
1.6447388902527940e-01 -1.1096889364896423e+00
4.5407911385082023e-01 -1.0258037601330321e+00
5.2931666259412102e-01 -9.9726992162253714e-01
5.9900275525817204e-01 -9.5703663726417421e-01
8.8165532201161090e-01 -8.3482956880668180e-01
6.6133255864739382e-01 -9.0614592798925320e-01
8.7878186478592590e-01 -6.9728303439993633e-01
9.3214106973287658e-01 -6.3705294284701885e-01
9.7514770085773106e-01 -5.6904339674991367e-01
1.0066879090046990e+00 -4.9501580762876551e-01
1.0859040510339193e+00 -3.0908868924780081e-01
1.1051609613793030e+00 -2.3096033277594460e-01
1.1214231913134893e+00 -2.9516468672292601e-02
-1.2361252118079566e+00 -5.1921135964261267e-01
-1.3001235630502741e+00 -3.2751289447998327e-01
-1.4219718271709438e+00 -6.1675118782478755e-01
-1.4853162068532977e+00 -2.7542262847818261e-01
-1.5045039912699334e+00 -4.2469028367111411e-01
-6.0835954741079903e-02 -1.3393599075155032e+00
-2.6146163352604179e-01 -1.3149995397121210e+00
2.7244888008799099e-02 -1.5103905371447106e+00
-3.8791331580926097e-01 -1.4599812046861300e+00
-1.1516811531154079e-01 -1.5590479152378220e+00
-2.6343394759283451e-01 -1.5422583740766016e+00
-5.8150874958934817e-01 -1.1936216788163914e+00
-8.4262353621387798e-01 -1.0428669864693272e+00
-9.8801808179201589e-01 -1.1942387428831742e+00
-7.0796043187256741e-01 -1.3386033437904004e+00
-1.3276664998267877e+00 1.3667597708223900e-02
-1.3034050742045600e+00 3.1419928037314460e-01
-1.5128591436298116e+00 6.5757863710024705e-02
-1.4431774629176353e+00 4.4638623314963072e-01
-1.5295355404530748e+00 3.2313329646251482e-01
-1.1692386529683516e+00 6.2909944396270290e-01
-1.0080921905925195e+00 8.8393218660458972e-01
-1.3090110416814271e+00 7.6128639673918896e-01
-1.0704241544013664e+00 1.0659333883001407e+00
-1.2041689302198946e+00 9.9693093255495158e-01
-7.4295232156815094e-01 1.1004121890754943e+00
-4.8183753494362103e-01 1.2511668814225583e+00
-8.0528428537699792e-01 1.2824133907710453e+00
-4.5244957212122833e-01 1.4412880500809737e+00
-6.0294172988209604e-01 1.4423437063191962e+00
2.7895879720145689e-01 -1.2981013548461244e+00
5.6856402202699774e-01 -1.2142161784895142e+00
3.6703963995133598e-01 -1.4691319844753319e+00
7.2603763170241931e-01 -1.3247230714269458e+00
6.2254939087181738e-01 -1.4339896626952862e+00
8.5026352714940545e-01 -1.0197730494521204e+00
1.0677128332879375e+00 -8.1091015586280357e-01
1.0077371368248271e+00 -1.1302799423895520e+00
1.2451081100559638e+00 -9.2308813188341887e-01
1.3244610711574993e+00 -2.0829989495323131e-01
1.3407233010916855e+00 -6.8560308495793998e-03
1.5282501304164295e+00 -2.5852938678866960e-01
1.5499307226781032e+00 1.0032938238236000e-02
5.6856402202699807e-01 1.2142161784895138e+00
3.7959797844834747e-01 1.2858815458692621e+00
7.2603763170241953e-01 1.3247230714269453e+00
4.2158097601899203e-01 1.4915278695384917e+00
6.2254939087181760e-01 1.4339896626952857e+00
8.5026352714940645e-01 1.0197730494521204e+00
1.0677128332879391e+00 8.1091015586280357e-01
1.0077371368248280e+00 1.1302799423895522e+00
1.2585039036749870e+00 8.3557751468892261e-01
1.2176483341399131e+00 9.8042165987808760e-01
-1.1295017273482626e+00 -7.2236543602700665e-01
-1.0080921905925202e+00 -8.8393218660458928e-01
-1.3153483427112498e+00 -8.1990526420918153e-01
-1.1534867361706580e+00 -1.0353039430184363e+00
-1.1795680414386789e+00 -3.9379767472922472e-01
-9.9416015344061925e-01 -7.4706289046943675e-01
-1.3014163055593486e+00 -6.8303596807402900e-01
-1.4287590364840201e+00 -1.5000894356479461e-01
-1.4989536465085521e-01 -1.2344993935445301e+00
1.3881115688398579e-01 -1.4298903909771195e+00
-4.7697272571903632e-01 -1.3551206907151570e+00
-1.0181451622630147e+00 -1.0600013974608664e+00
-1.3348159301496159e+00 5.3115110853973202e-01
-9.3508258049372317e-01 1.0906308427425708e+00
-1.4646456684276940e-01 1.3196337630755690e+00
-3.2113308061342360e-01 1.4002601943995634e+00
7.8741437346060994e-01 -1.2015963015721236e+00
1.1903376820893410e+00 -6.1699447148849684e-01
1.2695538241185615e+00 -4.3106735310753208e-01
1.3677329588573675e+00 -7.2917244750911214e-01
1.4733428833774918e+00 -4.8129684494297031e-01
1.1440555180914729e+00 -4.8743650307509329e-01
1.2422346528302788e+00 -7.8554159747667340e-01
1.2267831298137299e+00 5.0782702802613378e-01
1.3222615017771360e+00 2.2183438905469260e-01
1.5314689233635534e+00 2.3872335814250800e-01
1.4175742002007778e+00 5.3249438685225281e-01
4.4097472020653811e-01 1.1627547760144399e+00
7.8741437346061005e-01 1.2015963015721232e+00
1.5480029318908259e-01 1.3317743219020892e+00
1.9678329075972700e-01 1.5374206455713186e+00
-1.1707660402037660e-01 1.5097549317339845e+00
1.2556304464493018e+00 6.9803098028217669e-01
1.2395338900548796e+00 -1.0006552059047660e-01
1.4270607193796236e+00 -3.5173887652956681e-01
1.4650035415754834e+00 1.1826731260099070e-01
2.9399167419853200e-01 1.4400664670634178e+00
-1.3254013143817440e+00 -9.9597447506545866e-01
-1.5697950850213256e+00 -5.8851489210253038e-01
-1.6331394647036794e+00 -2.4718633275592539e-01
-1.6306280771103070e+00 1.5945675518949631e-01
8.4478996313524998e-02 -1.6495783986994383e+00
4.8240175055434620e-01 -1.5657786988262812e+00
-4.7894503978582897e-01 -1.5823795250796371e+00
-1.5609463963981307e+00 5.4008512462910230e-01
-1.3697462074011590e+00 8.9898259713198070e-01
-1.1311593201210983e+00 1.2036295886929325e+00
-7.9507198880766827e-01 1.4325623599862727e+00
8.4139974230542958e-01 -1.4213697857778953e+00
1.5252398541184295e+00 -6.4984397093114687e-01
1.6525303709002275e+00 -1.3340604333809949e-01
8.4139974230542958e-01 1.4213697857778951e+00
1.1547991804511166e+00 1.1622449119980902e+00
5.3694308662200196e-01 1.5881745838894412e+00
-4.4223727555189862e-01 1.5914370192962011e+00
1.4055659473012758e+00 8.6754248429746073e-01
-2.0619983928810870e-01 -1.6814462356313293e+00
